term	p_rho	p_pval	c_rho	c_pval	rlipp
NEST:64	0.07252290332267208	8.140230741091073e-06	0.00824801774079163	0.6123360300406653	8.792767620273265
NEST:231	0.0860686715616946	1.173153898626259e-07	0.040166969587748	0.013559244452475838	2.1427723436708517
NEST:66	0.051010500976654057	0.0017128573120225527	0.027021212664853286	0.09683314313861366	1.887794660045137
NEST:60	0.24001471423511336	1.242499844892974e-50	0.13644829492951824	3.688914477629119e-17	1.7590158554864457
NEST:212	0.17506923291782767	2.2360701646103768e-27	0.11020849609077221	1.1091866599712476e-11	1.588527555748819
NEST:89	0.334024106571297	4.103379244317604e-99	0.21857432847373848	4.393126964248983e-42	1.5281945913032038
NEST:174	0.11837149723457023	2.919562152813722e-13	0.07907154309239478	1.1414789253749367e-06	1.497017670393173
NEST:39	0.08992030652632378	3.100817940579252e-08	0.061397494588090774	0.0001595988794738488	1.4645598672973466
NEST:14	0.290321573094413	2.9546518526052822e-74	0.19985469631251118	2.492179130657162e-35	1.4526632521081189
NEST:137	0.11917702710979224	2.0108136683448272e-13	0.08720993235810928	7.955146011751978e-08	1.3665533717010212
NEST:153	0.2994099950616609	4.417393919137675e-79	0.22108988265692195	4.843903038044726e-43	1.354245574078452
NEST:168	0.2668214053276461	1.3947725561170803e-62	0.200285515151053	1.771952437094821e-35	1.33220520278969
NEST:29	0.14202608207063136	1.784422872696635e-18	0.11479886654926763	1.4805591360938933e-12	1.237173208584588
NEST:26	0.20067588795533733	1.2999790054757163e-35	0.16566176082744596	1.200162889114963e-24	1.2113591389648588
NEST:256	0.2150593989319336	9.136949808050981e-41	0.18300354430366503	8.403747670837497e-30	1.1751652119648406
NEST:52	0.3393845717142083	1.8570122661970108e-102	0.29110612618847514	1.1505153106001106e-74	1.1658448283375376
NEST:61	0.24915218232910485	1.5170408993373253e-54	0.21612256714413206	3.6693199517739396e-41	1.1528281642284277
NEST:70	0.4984774062347206	1.7928145010689553e-236	0.43796295197265095	7.97337526836269e-177	1.1381725417401254
NEST:1	0.8518520031020516	0.0	0.7672966876676923	0.0	1.1101989840349464
NEST:142	0.16747474526396156	3.6760104322294387e-25	0.15105481540616625	1.019942336481139e-20	1.1087017968519859
NEST:117	0.4890394543323063	2.3193232982017755e-226	0.44502130148852503	3.538310350746878e-183	1.0989124626092
NEST:6	0.721394786391322	0.0	0.6658340021370789	0.0	1.0834453994177433
NEST:91	0.5921492943501002	0.0	0.552617368388096	4.589194647497879e-301	1.0715358007608646
NEST:133	0.1574930826555071	2.1023514342101548e-22	0.1475354875276845	7.936472593553664e-20	1.0674928811683635
NEST:8	0.31201438669315906	4.553617544704841e-86	0.29254416662134247	2.0263189464859714e-75	1.0665548053706984
NEST:186	0.4965673391157678	2.1168472465291484e-234	0.4724207104679992	2.6126156441515454e-209	1.0511125530966836
NEST:146	0.1770455993967371	5.701442070504445e-28	0.16914400679356367	1.2221005562982886e-25	1.0467151792899003
NEST:38	0.5833529765581993	0.0	0.5593895952927859	5.2564472037194e-310	1.0428384465264695
NEST:55	0.4478534290607224	9.06111303781483e-186	0.43332865574291307	9.807159871788362e-173	1.0335190694760483
NEST:3	0.8399180035671115	0.0	0.8131965181166756	0.0	1.0328598129174502
NEST:85	0.492745207357653	2.7091253125836993e-230	0.48119765639472906	3.380322784349177e-218	1.0239975212045742
NEST:18	0.24015159555398313	1.0886243792124648e-50	0.23475199056377516	1.8806689282861113e-48	1.0230013171655772
NEST:104	0.33272790496264504	2.581383727987e-98	0.32585218415640443	3.8397057630751883e-94	1.021100735672652
NEST:129	0.16359764212849853	4.5417010952949514e-24	0.16042853209130073	3.3884714172531407e-23	1.0197540300087908
NEST:2	0.5562755319579499	7.205354819040614e-306	0.546218821424067	8.365139586537893e-293	1.0184115049489941
NEST:34	0.4827963305640565	7.619258777570624e-220	0.47475368657414524	1.2017532719334022e-211	1.016940666744365
NEST:65	0.6338396718547537	0.0	0.6236819673613625	0.0	1.0162866733767624
NEST:10	0.6156729456603693	0.0	0.6066253968962491	0.0	1.0149145565128188
NEST:182	0.24352567689337273	4.073741539367014e-52	0.24009444923765214	1.1504134142504e-50	1.0142911577781804
NEST:15	0.655610267989579	0.0	0.6474931529374641	0.0	1.0125362175882326
NEST:138	0.17564852496900685	1.500540016722877e-27	0.17347518065707818	6.6542313322084e-27	1.0125282723655142
NEST:32	0.5382502723951111	9.18753079771735e-283	0.53163719198474	1.2404982638683552e-274	1.0124390853575966
NEST:4	0.7479909949544882	0.0	0.7389236851876027	0.0	1.0122709691794267
NEST:169	0.21689449720761864	1.8861491372534994e-41	0.2144344549629002	1.5585180074691884e-40	1.0114722339987017
NEST:130	0.46037225909209456	1.595306940327785e-197	0.45561573047418236	5.332083549449223e-193	1.010439781376648
NEST:126	0.44020811654010406	7.892002041432816e-179	0.43568049799829467	8.39351327383135e-175	1.010392061528141
NEST:150	0.5200899584462371	7.320529166301215e-261	0.514912062350574	7.392837725882379e-255	1.0100558842456049
NEST:127	0.42732865280536614	1.5586287605519394e-167	0.4234871352073481	2.9369747715195737e-164	1.0090711553637566
NEST:107	0.2118793792860989	1.3591413761216033e-39	0.21044483757164545	4.528831873434132e-39	1.006816711357745
NEST:132	0.4942669555893609	6.365936468370052e-232	0.49158109458446086	4.7141923281642115e-229	1.0054637190780709
NEST:195	0.21902822001180366	2.9571785670686996e-42	0.21784482911585992	8.28387141962171e-42	1.005432265253881
NEST	0.9414011330377704	0.0	0.9398314366575112	0.0	1.0016701892690905
NEST:197	0.1788939849899412	1.5652855394552093e-28	0.17862276726308704	1.8938729847278432e-28	1.0015183827403966
NEST:105	0.17679162537100546	6.802111776633637e-28	0.17656363371110417	7.968234160262629e-28	1.00129127190639
NEST:108	0.30919572344535384	1.7818649399331917e-84	0.3089322955712693	2.5050586899549117e-84	1.0008527042263335
NEST:145	0.04493076451003554	0.0057482923659308545	0.044924355619395714	0.0057552384985823995	1.0001426596008214
NEST:112	0.2515354408007819	1.3593606468289808e-55	0.2515532393822483	1.3349601930415252e-55	0.9999292452702653
NEST:254	0.18206602238682298	1.647788223356084e-29	0.18224141427605023	1.4531622932769532e-29	0.9990375848984492
NEST:30	0.4850903492127536	3.185172279732723e-222	0.4855964736088954	9.459316598406703e-223	0.9989577263764288
NEST:50	0.6089197478721315	0.0	0.6095958697203233	0.0	0.9988908687184808
NEST:221	0.27945726032045143	1.0226512788426012e-68	0.2797986234727918	6.9092691464507e-69	0.9987799684355004
NEST:92	0.2960887822950979	2.685015402247686e-77	0.2966551710738207	1.337883396866746e-77	0.9980907503595078
NEST:97	0.16575268559388304	1.1313767991283832e-24	0.16628739284659905	7.990438099250525e-25	0.9967844390151136
NEST:79	0.48276493833903134	8.209924203028271e-220	0.48471366081308825	7.852100768852456e-222	0.9959796419379061
NEST:83	0.44405297594405935	2.6869666947216083e-182	0.44597943026425446	4.729166785019602e-184	0.9956803964724256
NEST:110	0.5299770396217202	1.2776949642203846e-272	0.5330478607619415	2.3681202003165447e-276	0.9942391267909191
NEST:58	0.5329087243510917	3.5021349016397916e-276	0.5370258530961625	3.035529071116817e-281	0.9923334626790612
NEST:47	0.44697503585049203	5.802431430287127e-185	0.4508567129642931	1.520449244208363e-188	0.9913904417918504
NEST:234	0.17862276726308704	1.8938729847278432e-28	0.18054988414509132	4.858065987873472e-29	0.9893264020017003
NEST:78	0.23889533988454908	3.651564460220648e-50	0.24155519506300913	2.7925350064570505e-51	0.988988623582423
NEST:53	0.28033180663818713	3.7407586210464614e-69	0.28365667648841614	7.9053681017729e-71	0.9882785418930029
NEST:102	0.5117506111015327	3.0484848609109046e-251	0.5200899584462371	7.320529166301215e-261	0.9839655674767919
NEST:19	0.2941701622691917	2.809694534321533e-76	0.2999751365875394	2.1841274430636718e-79	0.9806484817895776
NEST:193	0.44352061888526834	8.167720010584238e-182	0.4545998117024263	4.829344797394633e-192	0.9756286902634922
NEST:5	0.36877144040673726	5.283126611628522e-122	0.3784873056367192	6.2277126260923e-129	0.9743297461096161
NEST:84	0.1689304524785909	1.4078908434413112e-25	0.1741013030154323	4.3411976411920186e-27	0.9702997596957499
NEST:98	0.12647527495299007	6.112593091580234e-15	0.13038500918255963	8.63712804762436e-16	0.9700139283336222
NEST:57	0.24036361549930557	8.868885275097728e-51	0.2483262905725885	3.478860332057605e-54	0.9679346272401417
NEST:17	0.45582070094840177	3.4152436317821477e-193	0.4732898957034404	3.535202226143128e-210	0.9630898632875428
NEST:134	0.24832254544990015	3.4919530518459393e-54	0.2580601403662941	1.6123538476845383e-58	0.9622661798812778
NEST:73	0.33594698366655257	2.6371837212325387e-100	0.354995862774863	1.394992609707373e-112	0.9463405602549482
NEST:90	0.2639142297880309	3.234749756153395e-61	0.28002569715482595	5.321305342350892e-69	0.9424643254869319
NEST:81	0.19275685960974906	6.137659587067843e-33	0.2049061359683153	4.347519515822182e-37	0.9407080890908758
NEST:7	0.20552610541924166	2.6253671785068097e-37	0.21860608748509505	4.273254286202505e-42	0.9401664326170917
NEST:59	0.0590697743229749	0.0002809726078777333	0.06308103538209035	0.00010472699769912208	0.9364109825588832
NEST:16	0.2282011580641109	8.190001893816868e-46	0.24403131091282934	2.4788360049525776e-52	0.9351306486470782
NEST:123	0.23176764192213184	3.0673639999259875e-47	0.2526748626066241	4.250915208128301e-56	0.9172564280086636
NEST:44	0.18570926334720098	1.1793152204053235e-30	0.20473762945870758	4.984898309441607e-37	0.9070597517329156
NEST:45	0.287681850122085	6.904842385593894e-73	0.3189759895575136	4.4657049100094925e-90	0.9018918650308442
NEST:125	0.1029165494044215	2.301835166326145e-10	0.11477180195674841	1.4985995021224108e-12	0.896705877661531
NEST:35	0.1544528336812438	1.3421755900193635e-21	0.18724680940084398	3.8115561680210212e-31	0.8248622989917158
NEST:20	0.04785532064661182	0.0032634133049411498	0.05937468975981848	0.00026119926773900007	0.8059885591014517
NEST:25	0.10665543864038331	4.986560097313008e-11	0.13922067973782212	8.31322288326338e-18	0.7660890525835308
NEST:277	0.09943505641264122	9.115769495722728e-10	0.13498261972747214	8.011157318874205e-17	0.7366508118852567
NEST:77	0.12056719125498114	1.0503155669470825e-13	0.1637439125606554	4.135312852439375e-24	0.7363155635500014
NEST:42	0.07562639667809032	3.2726709010158694e-06	0.11683622248544574	5.9013546177386e-13	0.6472855341374211
NEST:12	0.05068072549602986	0.0018352633334045043	0.09642889788645623	2.882733848310201e-09	0.5255761147006549
NEST:49	0.026701186448966418	0.10085301189845076	0.07252290332267208	8.140230741091073e-06	0.3681759172018573
NEST:82	0.027021212664853286	0.09683314313861366	0.07870808113347107	1.2782911415945566e-06	0.34330925459904726
NEST:80	0.00824801774079163	0.6123360300406653	0.13339171085976634	1.8412471508684176e-16	0.06183306059746625
NEST:33	-0.03898334167500076	0.016578315096098972	0.03578475124422543	0.027862947250883983	-1.089384173972468
NEST:9	-0.018214060911684395	0.26309348878508554	0.013242738124806327	0.41585737929311384	-1.3753999165448854
NEST:13	0.05235095869599974	0.0012886713715495274	-0.0045751025840415835	0.7786476106293748	-11.442575927937689
