-1.2210e-01
-3.2622e-01
-1.0756e+00
-1.1255e+00
-1.0678e+00
-2.1747e-01
-1.1153e+00
-1.1141e+00
5.1670e-01
-1.2656e-01
-4.5319e-01
-1.0426e+00
6.7019e-01
-1.1115e+00
-3.7375e-01
-9.5246e-01
3.5840e-01
6.8560e-01
-9.7163e-01
-5.1836e-01
-1.3755e-01
-1.0806e+00
-9.7145e-02
-1.1310e+00
-1.0925e+00
-5.8235e-01
-1.0531e+00
-9.9496e-01
6.9961e-01
5.1580e-01
7.7169e-01
2.1719e-01
-3.1072e-01
-1.1191e+00
7.3076e-01
3.4059e-01
-1.1222e+00
-8.8400e-01
-1.0868e+00
-7.5903e-02
-2.2509e-02
-1.0158e+00
-1.1176e+00
-1.0359e+00
-1.0995e+00
7.4745e-01
-9.5490e-01
-7.5622e-01
7.1157e-01
-3.7396e-01
-3.3971e-01
1.9411e-01
4.0901e-01
-6.4715e-01
-1.0767e+00
4.8663e-01
-5.6465e-01
2.0437e-01
3.9895e-01
-1.0602e+00
-1.0665e+00
5.8131e-01
-1.1130e+00
-6.7068e-01
-1.0948e+00
6.2238e-01
1.2505e-01
-1.4022e-01
9.9094e-02
1.6255e-01
7.7281e-01
-2.7036e-02
2.9002e-01
-1.1253e+00
-3.6197e-01
-1.1121e+00
-6.6885e-01
-1.1279e+00
-1.0339e+00
5.6748e-02
5.0999e-01
-7.3387e-01
-6.8627e-01
-1.0598e+00
-1.1105e+00
5.0108e-01
-7.1736e-01
-1.1185e+00
8.5002e-02
5.5115e-01
-1.1011e+00
3.0894e-01
7.4467e-01
-1.1152e+00
-2.9825e-01
-8.2621e-01
-1.0100e+00
6.1822e-01
-9.3888e-01
-1.1143e+00
-1.1127e+00
7.6133e-01
7.6545e-01
-1.0927e+00
7.4507e-01
6.8354e-01
7.2744e-01
5.9098e-01
-4.3555e-01
-1.1176e+00
4.7505e-01
9.9061e-02
-7.4603e-01
-1.0648e+00
1.5159e-01
5.2214e-01
-1.1298e+00
-1.1211e+00
-9.7153e-01
-1.7580e-01
-7.4238e-01
-1.1250e+00
7.5218e-01
5.9954e-01
-2.2549e-02
5.6027e-01
-9.8524e-01
2.7862e-01
3.1191e-01
7.3418e-01
4.0982e-01
4.9207e-01
-1.0331e+00
-8.2147e-01
-2.1640e-02
-1.0750e+00
-9.3502e-01
-1.0012e+00
-1.1146e+00
-9.4685e-01
-4.6116e-01
-9.5659e-01
6.7256e-01
-1.4595e-01
-8.6265e-01
4.7974e-01
-3.8407e-01
5.7893e-01
-1.1207e+00
-4.7279e-01
2.9566e-01
3.8427e-01
6.0552e-01
-1.1111e+00
-6.3298e-01
-2.8821e-01
6.7165e-02
-2.0008e-01
-1.1116e+00
-9.5093e-01
-2.3210e-01
-1.0676e+00
-1.0277e+00
6.2613e-01
-3.3449e-01
-8.7875e-01
-3.0724e-01
7.4139e-01
-2.8092e-01
-7.4482e-01
-8.8742e-01
-1.0766e+00
-1.1153e+00
7.6968e-01
5.6204e-01
6.7392e-01
6.5774e-01
-9.2337e-01
6.4063e-01
-5.1304e-01
-4.5197e-01
-1.0803e+00
2.6016e-01
-9.3951e-01
-5.3582e-01
-1.1304e+00
-2.3324e-01
7.1538e-01
-1.1303e+00
-1.0930e+00
-9.5770e-01
-9.7068e-01
7.4980e-01
-8.4944e-01
-1.1160e+00
-1.0626e+00
-7.8172e-01
3.5354e-02
3.0694e-01
-8.0726e-01
-6.3236e-01
-1.1249e+00
-7.7741e-01
5.0118e-01
-1.1139e+00
-1.1269e+00
-8.3560e-02
5.5066e-01
-8.7687e-01
-8.3232e-01
-8.8542e-01
-9.7352e-01
-1.0752e+00
7.1275e-01
4.1659e-01
4.2495e-01
-9.0095e-01
7.0511e-01
4.1882e-01
7.4626e-01
-9.5602e-01
4.0482e-01
7.2041e-01
5.4079e-01
3.6805e-01
-1.1299e+00
-1.0442e+00
-1.1284e+00
-1.0818e+00
-1.1103e+00
-8.9057e-01
3.5607e-01
2.1007e-01
4.1615e-01
-1.0672e+00
4.8985e-01
6.7241e-01
7.7563e-01
7.2231e-01
5.3704e-01
-9.5763e-01
-1.1095e+00
7.2309e-01
-1.1018e+00
1.7692e-01
7.5937e-01
7.6948e-01
7.3916e-01
7.3831e-01
4.6053e-01
4.5426e-01
-1.1155e+00
-1.1258e+00
7.8055e-02
5.6058e-01
-1.1084e+00
7.2900e-01
7.0572e-01
-1.1154e+00
-1.0849e+00
-6.2122e-01
2.6366e-01
-8.7590e-01
-1.1024e+00
3.4480e-01
-9.1414e-01
7.1186e-01
7.2916e-01
-1.1174e+00
-7.0551e-01
-1.0665e+00
2.1032e-01
-1.1258e+00
-8.2339e-01
-4.3786e-01
7.1629e-01
1.8341e-01
-2.2775e-01
-2.4419e-01
-1.0405e+00
6.3561e-01
-5.0287e-01
-1.0681e+00
-1.8971e-01
-1.1142e+00
-7.2958e-01
-1.1153e+00
3.6907e-01
-6.0142e-01
-3.9430e-01
-1.1149e+00
-4.8722e-01
-8.1214e-01
-1.4625e-01
-5.8684e-01
-5.3446e-01
-1.0521e+00
5.3676e-01
-3.8671e-01
-8.0655e-01
-4.9124e-01
-8.5155e-01
7.0790e-01
2.0860e-01
-9.3834e-01
2.6403e-01
-1.1258e+00
-1.1244e+00
-1.1228e+00
-9.7483e-01
-9.0339e-01
-1.1309e+00
-1.5251e-01
-1.0684e+00
5.2951e-01
-9.1879e-01
4.8219e-01
6.4242e-01
-5.0493e-01
-1.1209e+00
-1.1009e+00
2.7604e-01
5.0180e-01
-1.0747e+00
-1.1246e+00
-2.4990e-01
1.6241e-01
-1.0580e+00
-1.0735e+00
-1.0408e-01
-5.7103e-03
5.8805e-01
5.2097e-01
-1.9300e-02
-1.1270e+00
7.5398e-01
5.7878e-01
-1.0734e+00
-2.6043e-01
3.3221e-01
7.0868e-02
-8.2492e-01
4.7960e-01
-1.0447e+00
-1.1307e+00
-9.7914e-01
6.6416e-01
7.2364e-01
5.5684e-01
3.0782e-01
-8.2818e-01
-4.7751e-01
4.5168e-01
1.9076e-01
-1.6661e-01
-1.0956e+00
-1.1160e+00
-1.1011e+00
-1.0378e-01
-7.2002e-01
-1.1070e+00
-1.1294e+00
-1.1252e+00
-1.1263e+00
-4.3437e-01
-1.8808e-02
-7.8021e-01
-1.0862e+00
-8.7436e-01
-3.1952e-01
-6.9274e-01
-3.7885e-02
2.0627e-01
7.6942e-01
-1.1267e+00
3.9360e-01
-1.1297e+00
-1.0711e+00
-3.3729e-01
7.4927e-01
-1.1208e+00
-1.1298e+00
5.7615e-02
-1.1297e+00
-4.7941e-01
-8.0457e-01
-1.1264e+00
-8.1088e-01
6.8651e-01
-4.3180e-01
-7.1681e-02
-2.6789e-02
-4.7779e-03
-9.3763e-01
-7.9915e-01
-8.4144e-01
-5.3429e-01
7.3777e-01
-1.0108e+00
-2.5417e-01
-1.0554e+00
-1.0654e+00
9.5347e-02
-1.0735e+00
6.3677e-01
5.5164e-01
7.8198e-01
-8.5521e-01
1.3985e-01
4.8990e-01
-2.3310e-01
3.5217e-01
6.9574e-01
-3.4909e-01
-6.3555e-01
7.2642e-01
-8.5051e-01
-1.1307e+00
-1.1259e+00
6.4847e-01
-1.1242e+00
-1.1280e+00
-1.6116e-01
7.5856e-01
6.8403e-01
-1.3277e-02
-1.0344e+00
5.3133e-01
-9.2671e-01
-1.1126e+00
-1.1092e+00
-8.2589e-01
-6.3315e-01
-2.9550e-01
-9.5931e-02
-1.0976e+00
4.7554e-01
6.9225e-01
4.9791e-01
-3.2850e-01
4.4181e-01
-3.6529e-01
-4.9449e-01
-1.1276e+00
-4.0380e-02
-1.1311e+00
-5.3052e-01
-1.0340e+00
6.6256e-01
4.2523e-01
-8.9116e-01
4.2000e-01
3.2714e-01
3.8037e-01
-1.0787e+00
-1.1304e+00
-6.7674e-01
-1.7267e-01
-9.5604e-01
-5.8686e-01
6.0477e-01
2.1448e-01
6.9939e-01
-3.1939e-01
-1.0924e+00
1.0424e-01
2.7379e-02
6.8997e-01
-1.1415e-01
-9.9013e-01
7.3834e-01
-9.9900e-01
-9.9044e-01
5.4581e-01
-1.0237e+00
-1.9198e-01
-8.6364e-01
-1.0823e+00
-8.0495e-01
3.7987e-01
-1.0603e+00
-9.4520e-01
7.3319e-01
-6.4400e-02
-1.0826e-01
-5.9319e-01
-6.7634e-01
5.4282e-01
5.6103e-01
6.4560e-01
-1.0867e-01
6.7643e-01
-7.0023e-01
3.4745e-01
-1.1271e+00
2.1694e-01
-8.4935e-01
3.4844e-01
6.4225e-01
-1.2785e-01
5.6505e-01
-1.0996e+00
4.9223e-01
2.4935e-01
-1.0772e+00
-1.1277e+00
-1.0965e+00
7.0731e-01
3.7211e-01
7.3399e-01
6.5412e-01
3.4328e-01
3.8256e-01
-2.5086e-01
6.6040e-01
3.4931e-01
-9.5900e-01
7.0987e-01
-1.1028e+00
-1.1263e+00
3.0185e-01
6.0828e-01
-1.1245e+00
-1.1311e+00
4.1414e-02
-4.8741e-01
-1.1079e+00
-7.4792e-01
-1.1108e+00
-5.6035e-01
-1.0315e+00
-1.1062e+00
-4.0391e-01
2.1588e-01
6.2836e-01
3.6921e-01
6.2351e-01
7.7310e-01
-1.1288e+00
-5.8040e-01
-8.1779e-01
6.2985e-01
2.1990e-01
7.5559e-01
3.3393e-01
-1.1241e+00
-1.0437e+00
-8.0091e-01
-1.1230e+00
7.5687e-01
-2.8793e-01
-1.1033e+00
6.5730e-01
-9.8236e-01
-9.5359e-01
-3.7606e-01
-1.1214e+00
-3.0824e-02
3.6498e-01
-2.9239e-01
-1.1129e+00
-4.4033e-01
-3.2733e-01
-3.0113e-01
5.3102e-01
6.1718e-01
6.4770e-01
-4.0204e-01
-1.0228e+00
-1.0709e+00
-5.3687e-01
-1.1236e+00
3.2648e-01
-1.0928e+00
-1.0790e+00
-1.0955e+00
-9.0851e-02
-1.1216e+00
-3.0480e-01
-8.0675e-01
-7.3337e-01
-1.0955e+00
4.4136e-01
-5.3789e-01
-1.1282e+00
5.3614e-01
-4.0530e-01
6.7376e-01
-1.1249e+00
-1.0974e+00
6.5784e-01
-7.1280e-01
-9.0219e-01
-1.1180e+00
-8.8537e-01
-6.3329e-01
6.1228e-01
1.9456e-01
-1.0984e+00
7.8125e-01
7.1359e-01
-3.6874e-01
-1.0843e+00
-1.1287e+00
-1.1304e+00
-9.7497e-01
-1.1296e-01
-8.4489e-01
-5.2204e-01
-1.0966e+00
5.4998e-01
6.7374e-01
3.1364e-02
7.6148e-01
-4.1709e-01
2.8087e-03
6.2094e-01
4.0815e-01
-1.1246e+00
7.6571e-01
-1.1152e+00
-1.1227e+00
-9.0381e-01
-6.0857e-01
-1.1256e+00
-6.2525e-01
5.6987e-01
6.1027e-01
-1.0567e+00
-5.4933e-01
-1.0569e+00
6.7682e-01
7.3084e-01
6.2261e-01
-9.4897e-01
-1.1173e+00
7.5049e-01
-1.2540e-01
-1.0085e+00
-9.1907e-01
-7.6723e-01
7.4721e-01
-8.0586e-01
-1.0773e+00
-1.0254e+00
6.2696e-01
-9.7697e-01
-1.0198e+00
7.6354e-01
-1.0291e+00
3.7218e-01
-4.9558e-01
-1.1284e+00
7.4054e-01
-8.4930e-01
-5.6537e-01
-1.1288e-01
-5.6135e-02
-5.7706e-01
-1.1283e+00
2.5203e-01
4.4763e-01
-1.1187e+00
1.3234e-01
7.7470e-01
-9.6392e-01
3.5946e-01
7.4760e-01
4.5206e-01
-5.8584e-02
-6.3203e-01
2.6199e-01
6.0946e-01
6.1822e-01
3.1415e-01
-1.1304e+00
5.8083e-01
-5.2841e-01
3.0831e-01
2.9419e-01
7.6650e-01
7.5467e-01
-3.8111e-01
1.7603e-01
-4.0664e-02
-8.4433e-01
-1.0904e+00
-7.9202e-01
6.8449e-01
-1.9313e-01
-5.1857e-01
-7.7831e-01
-1.1289e+00
-5.0502e-01
-1.1093e+00
-8.4714e-01
2.9718e-01
-1.6333e-01
2.5610e-01
6.9665e-01
-9.2375e-01
-9.4646e-01
-1.1304e+00
7.7168e-01
3.2026e-01
-1.1302e+00
-1.1285e+00
2.3832e-01
3.5566e-01
4.1715e-01
-7.0900e-01
-1.1305e+00
8.4693e-02
5.5489e-01
-1.0395e+00
7.4784e-01
-6.7223e-01
-7.9997e-01
-6.8250e-01
6.4662e-01
6.4056e-01
-8.2103e-01
7.0188e-01
4.4216e-01
6.6634e-01
7.5989e-01
-1.0300e+00
-9.0678e-01
-1.1268e+00
-7.3695e-01
-1.1131e+00
-6.1356e-01
-9.4081e-02
4.2756e-01
-2.2440e-01
5.0600e-01
-1.1060e+00
-1.1304e+00
7.1822e-01
-7.2343e-01
7.5594e-01
-1.1033e+00
4.8468e-01
-1.0872e+00
-2.8429e-01
6.1482e-01
6.9917e-01
7.1441e-01
-7.5470e-01
6.6413e-01
-8.6867e-01
8.1387e-02
4.0955e-01
-1.1279e+00
-1.0766e+00
-1.0029e-01
7.5045e-01
-9.1008e-01
-1.0996e+00
-9.8028e-01
7.3162e-01
-3.8479e-01
6.0594e-01
4.3472e-01
6.9445e-01
7.5005e-01
3.0397e-01
-8.9357e-01
4.4469e-01
-1.0468e+00
1.1047e-01
-6.3584e-01
-1.1229e+00
-1.1114e+00
-5.3938e-01
-9.6955e-01
6.3265e-01
-3.4970e-01
7.7159e-01
-2.0694e-01
-1.1028e+00
6.7881e-01
-1.0727e+00
-1.1268e+00
-1.1276e+00
2.8968e-01
-1.0556e+00
-1.1227e+00
-1.0327e+00
-5.7219e-01
1.6316e-01
-9.2816e-01
5.7443e-01
-1.0642e+00
-1.0316e+00
-4.6403e-01
5.7549e-01
5.9014e-01
-3.1562e-01
-1.1011e+00
6.6154e-01
-1.0877e+00
-1.1228e+00
-5.0655e-01
-1.6240e-01
-1.1297e+00
3.7552e-01
5.5257e-01
-6.6921e-01
-2.1063e-01
-3.3962e-01
5.9377e-01
7.7441e-01
-1.1152e+00
-7.1732e-01
-6.2421e-01
-8.1538e-01
-6.2906e-01
-1.0575e+00
-3.2170e-01
-7.5151e-01
6.2728e-01
-5.8122e-01
6.3550e-01
-7.6769e-01
5.5314e-01
8.8568e-02
2.9643e-01
-2.3303e-01
-1.1123e+00
-1.0538e+00
-1.0915e+00
7.7866e-01
-1.1100e+00
-8.8619e-01
-1.1284e+00
6.3396e-01
2.7869e-01
-8.3147e-01
-1.1270e+00
-1.0745e+00
-5.4779e-01
-8.2084e-01
6.0967e-01
2.9895e-01
-1.0970e+00
-1.0851e+00
-4.6771e-01
-3.0697e-01
-9.1755e-02
1.9042e-01
7.7468e-01
-9.7277e-01
-1.1054e+00
-9.4384e-01
-1.0266e+00
-1.1183e+00
1.0255e-02
-1.0356e+00
-9.6172e-01
-1.1287e+00
-1.0094e+00
-1.1300e+00
-1.1203e+00
2.6630e-01
-1.5457e-01
-1.0675e+00
-1.0993e+00
-1.0605e+00
-1.1301e+00
1.4506e-01
-1.0899e+00
-1.1155e+00
-9.9728e-01
-3.1041e-01
-1.1133e+00
-9.1031e-01
-1.3379e-01
-7.5043e-01
7.5249e-01
6.3395e-01
-7.6178e-01
3.5456e-01
8.3557e-03
5.9472e-01
4.6499e-01
-1.1304e+00
-1.1304e+00
-8.7767e-02
5.2028e-01
-1.1235e+00
-4.5087e-01
-1.1245e+00
2.3803e-01
-1.0601e+00
7.0601e-01
-1.1279e+00
-2.2834e-01
-6.8192e-01
-1.0825e+00
-1.1114e+00
7.1863e-01
1.6558e-01
-8.5250e-01
-9.3054e-01
3.4316e-01
-8.0920e-01
-1.1205e+00
-1.1236e+00
3.9008e-01
7.0607e-01
4.8621e-01
5.9548e-01
7.1905e-01
6.2805e-01
7.1249e-01
7.1724e-01
6.4778e-01
4.4478e-01
5.6570e-01
2.8306e-01
4.8620e-01
7.0046e-01
-1.3704e-02
-1.0775e+00
7.3926e-01
4.1537e-01
-1.6981e-01
6.9018e-01
-4.0939e-01
-1.0235e+00
7.6623e-01
-7.6444e-01
-1.2764e-01
4.8839e-01
-1.1064e+00
9.4846e-02
-9.2352e-01
5.6324e-01
7.4496e-01
-1.1304e+00
-1.1274e+00
-1.0103e+00
-2.9184e-01
-8.5106e-01
7.3321e-01
6.3669e-01
5.7218e-01
4.3973e-01
-1.7326e-02
7.5294e-01
-7.2286e-01
-5.0257e-01
-1.1528e-02
7.4102e-01
-1.1257e+00
6.2678e-01
2.2883e-01
7.6110e-01
-1.1161e+00
-1.1307e+00
2.9329e-01
7.4992e-01
-7.7487e-01
-1.0450e+00
-1.0774e+00
-9.7860e-01
4.6386e-01
-1.1011e+00
-1.1115e+00
-1.3492e-02
3.4690e-01
-7.7498e-01
-8.8755e-01
3.4053e-01
-1.1028e+00
-9.9957e-01
7.1731e-01
-9.7921e-01
-2.7931e-01
-5.5894e-01
3.1059e-02
2.2174e-01
-1.0632e+00
-2.0855e-01
6.8123e-01
7.6657e-01
-6.8834e-01
7.2864e-01
-9.4321e-01
7.0422e-01
-6.6497e-01
-4.1677e-01
5.9674e-01
-7.4909e-01
7.6366e-01
-1.1136e+00
-1.0124e+00
-6.9789e-01
-1.0937e+00
-3.8930e-01
6.0255e-01
6.0727e-01
6.7439e-01
-1.6937e-01
4.6973e-01
5.4184e-01
6.7664e-01
-1.1279e+00
4.4502e-01
-1.0161e+00
3.3638e-01
-2.6312e-01
-7.4144e-01
4.8402e-01
-6.2760e-02
-1.0368e+00
-1.0839e+00
3.5868e-01
-3.0036e-01
-6.5023e-01
-1.1810e-01
-7.9042e-01
2.0955e-01
3.6932e-01
-2.7763e-01
3.9929e-01
-7.5089e-01
7.4052e-01
7.0058e-01
-3.5701e-01
-9.9520e-01
-1.0997e+00
-1.6174e-01
-1.0711e+00
-1.0896e+00
-1.1134e+00
-3.6483e-01
-1.7233e-01
-1.1802e-01
-1.6022e-01
7.7955e-01
7.7281e-01
7.6364e-01
-1.1288e+00
-1.1269e+00
7.1498e-01
-1.0928e+00
-6.8115e-01
-7.0756e-01
-8.6036e-01
-1.1224e+00
-8.4424e-01
-1.0622e+00
-1.0986e+00
2.8811e-01
-1.0264e+00
-1.0419e+00
-6.7424e-02
7.5055e-01
-1.0341e+00
7.2578e-01
-1.0981e+00
-1.1286e+00
-1.1192e+00
7.7432e-01
-1.1309e+00
-1.1310e+00
-8.8343e-01
-2.2226e-01
-4.4893e-01
-1.1228e+00
-1.0436e+00
-1.0439e+00
-1.0704e+00
6.6416e-01
-6.2122e-01
-2.1364e-01
1.3459e-01
7.8113e-01
-1.1017e+00
-1.0896e+00
7.2926e-01
-5.4180e-01
-9.4466e-01
-1.0627e+00
5.6962e-01
-1.1309e+00
-1.1312e+00
-1.1145e+00
-7.7091e-01
-8.5646e-02
6.7016e-01
-6.4026e-01
-7.6753e-01
1.8749e-01
-8.0498e-01
-1.1105e+00
-1.1310e+00
-8.9072e-01
1.1846e-01
1.8673e-01
-1.0751e+00
-8.3109e-02
5.0983e-01
5.4038e-01
-1.0975e+00
6.7961e-01
-1.1297e+00
-1.1302e+00
-8.0973e-01
9.5433e-02
-4.7889e-01
-7.0150e-01
-9.1371e-01
-7.0877e-03
-9.7474e-01
6.4179e-01
-4.0170e-01
-1.0653e+00
2.6476e-01
6.9475e-01
7.7457e-01
-6.9143e-01
-2.6915e-01
7.3964e-01
2.6186e-01
-9.9684e-01
-1.1276e+00
6.7983e-02
7.7895e-01
-4.6035e-02
5.3189e-01
-1.1076e+00
-1.1199e+00
-1.1039e+00
7.2210e-01
3.0352e-01
-7.5182e-01
4.6294e-01
-1.0723e+00
6.2965e-01
6.1247e-01
1.3994e-01
-5.3368e-01
-1.1065e+00
-1.1133e+00
-1.1306e+00
7.0330e-01
-8.5987e-02
-5.6909e-01
-3.0726e-02
9.5569e-02
-8.8769e-01
-1.0010e+00
-2.6659e-01
-2.3691e-01
-9.4964e-01
-1.1150e+00
-1.1240e+00
-9.9056e-01
-1.0978e+00
-1.0798e+00
5.1729e-02
-8.5015e-01
-1.1070e+00
5.3970e-01
-1.0318e+00
-1.9996e-01
-9.2313e-01
6.1089e-01
-1.1303e+00
6.3768e-01
1.3630e-01
4.8010e-01
-8.2895e-02
-9.6976e-01
7.0225e-01
-1.1296e+00
-1.1313e+00
5.4699e-01
7.2741e-01
-1.1040e+00
4.2167e-01
-3.3455e-01
5.1060e-01
3.6640e-01
7.4368e-01
6.0406e-01
-7.8615e-01
7.0033e-01
6.6499e-01
6.2988e-01
-1.0719e+00
-1.1160e+00
-9.7282e-01
6.2463e-01
-8.8882e-01
7.3227e-01
5.6293e-01
-4.5753e-01
7.7299e-01
-7.3826e-01
-1.0824e+00
-9.9443e-01
-6.1154e-01
4.6533e-01
1.1689e-01
-6.6177e-01
-9.0354e-01
-1.0582e+00
-1.0395e+00
-1.0905e+00
-5.6751e-01
-8.6279e-02
-8.2637e-01
7.0651e-01
6.7299e-01
-2.3377e-01
5.1744e-01
-1.1138e+00
-9.2870e-01
-1.0255e+00
7.7784e-01
-1.8606e-01
-1.1232e+00
-1.1209e+00
4.3740e-01
-1.0276e+00
-1.0897e+00
-1.0381e+00
-1.0823e+00
3.4053e-01
2.6121e-01
-7.2996e-01
-1.4557e-01
1.4558e-01
5.2290e-01
-1.1068e+00
3.0182e-01
7.1076e-01
-1.1137e+00
-2.8355e-01
-2.0527e-02
-4.4168e-01
-1.1312e+00
7.8301e-01
7.4210e-01
-1.1267e+00
7.5175e-01
6.6471e-01
7.4896e-01
-2.4733e-01
-1.5525e-01
-1.0219e+00
2.6370e-01
5.2742e-01
7.3785e-01
-1.1308e+00
-9.7409e-01
-6.6391e-01
6.5475e-01
-1.1265e+00
-1.1269e+00
-4.8625e-01
-1.1286e+00
-9.0913e-01
-6.0832e-01
-6.1936e-01
-1.1270e+00
3.8062e-02
-1.0350e+00
7.5791e-01
7.2108e-01
6.6278e-01
7.5819e-01
-3.1784e-02
3.8332e-01
7.4461e-01
-1.0140e+00
-1.1290e+00
-1.1312e+00
2.2967e-02
-6.1451e-01
-1.0763e+00
7.5419e-01
-2.8113e-01
4.8333e-01
-1.1196e+00
-1.0500e+00
5.9462e-01
3.7423e-01
5.6846e-01
-1.1305e+00
-1.1157e+00
7.5774e-01
-9.3884e-01
-9.2787e-01
-1.1307e+00
-8.6001e-01
-1.1191e+00
6.0928e-01
7.3421e-01
7.1682e-01
-3.6450e-01
-3.9381e-01
-1.1004e+00
3.7194e-01
-1.0919e+00
7.5504e-01
-1.0629e+00
-5.1505e-01
-6.4648e-01
4.3225e-01
-1.0163e+00
-8.9584e-01
1.4513e-01
-1.1179e+00
-9.4942e-01
-3.9382e-01
4.2646e-01
-1.1308e+00
-1.1184e+00
-1.1126e+00
7.6007e-01
-3.1302e-01
6.2983e-01
6.1897e-01
-6.7005e-01
-5.3143e-01
-1.0331e+00
7.3003e-01
7.7884e-01
6.3833e-01
7.7386e-01
5.8791e-01
4.5388e-01
-1.0718e+00
-1.0798e+00
-8.0811e-01
-5.8931e-01
-1.1236e+00
-8.5241e-01
3.8154e-01
-9.2861e-01
-1.1290e+00
-1.0332e+00
2.1492e-02
1.0101e-01
-1.7342e-01
4.1866e-01
-5.3726e-02
-2.9072e-01
7.7023e-01
7.2209e-01
3.7709e-01
4.9002e-01
7.3499e-01
-9.7950e-01
4.6842e-01
-8.3549e-01
-1.1269e+00
-7.3301e-01
-6.6146e-01
-1.1152e+00
-1.0965e+00
-1.0562e+00
2.2097e-01
2.1598e-01
-1.6170e-01
-6.1260e-02
-6.4472e-01
-1.1298e+00
7.3416e-01
5.4263e-01
5.5976e-01
-1.0499e+00
-8.7279e-01
7.6218e-01
1.8530e-01
1.8133e-02
5.2102e-01
5.6339e-03
-1.1292e+00
-1.1306e+00
-1.0257e+00
-5.9423e-01
-1.0237e+00
3.6435e-01
-9.6253e-01
4.2022e-01
5.5860e-01
-1.0642e+00
5.7573e-01
2.1329e-01
7.4387e-01
3.3315e-01
-8.8810e-01
-1.1296e+00
7.6013e-01
5.9516e-01
-4.7255e-01
-1.0133e+00
7.1906e-01
-4.1564e-01
7.0394e-01
5.9414e-01
5.0367e-01
-3.8162e-02
-1.0839e+00
7.0944e-01
4.7535e-01
7.5497e-01
6.0033e-01
-1.1236e+00
-1.0988e+00
-7.6703e-01
7.5653e-01
-1.0396e+00
-1.1100e+00
7.3127e-01
-7.5334e-01
6.4606e-02
1.9386e-01
-1.6913e-01
-4.5920e-01
-9.8421e-01
-9.0162e-01
-1.1282e+00
-6.4654e-01
-2.2053e-01
6.5443e-01
-3.6692e-01
-1.1188e+00
-3.3386e-01
2.4393e-01
-2.7192e-01
-1.1278e+00
-1.1294e+00
7.6718e-01
6.7921e-01
-1.0026e+00
-1.1132e+00
2.7719e-01
-7.7065e-01
-1.0850e+00
-1.1252e+00
6.6822e-01
-7.5666e-01
-1.0523e+00
6.8032e-01
7.4935e-01
6.7881e-01
7.5554e-01
3.9421e-01
-1.1156e+00
-7.5102e-01
-5.0696e-01
-3.3724e-01
-7.2335e-01
-7.3212e-01
4.7446e-01
-8.5718e-01
-8.9887e-01
-1.0991e+00
-1.1289e+00
4.9965e-01
-4.5174e-01
7.4726e-01
-3.1274e-01
6.9056e-01
-1.1202e+00
7.3177e-01
-4.2834e-01
7.5065e-01
1.4955e-01
7.1571e-01
7.5160e-01
-2.7791e-01
-2.6593e-01
5.3724e-01
1.4469e-01
-7.5697e-01
1.8021e-01
-1.1044e+00
7.5006e-01
-8.2612e-01
7.5039e-01
5.2838e-03
3.2173e-01
-3.7886e-01
7.1584e-01
3.4328e-01
4.8101e-01
5.2434e-02
7.2592e-01
6.1793e-01
4.7063e-01
5.1290e-01
7.5547e-01
-1.0981e+00
-1.0185e+00
4.4114e-01
6.9649e-01
6.6119e-01
-5.0768e-01
6.6727e-01
6.9898e-01
2.5655e-01
3.5983e-01
7.7169e-01
6.7109e-01
4.2579e-01
7.1868e-01
6.3627e-02
1.1329e-01
7.4487e-01
-1.0401e+00
7.5581e-01
-6.4673e-01
-1.7973e-01
-1.1292e+00
-1.1260e+00
-1.1004e+00
7.7320e-01
7.0996e-01
6.1884e-01
-6.3166e-02
-9.1209e-01
-4.1350e-01
-5.5584e-01
-1.0351e+00
-1.1133e+00
-7.5167e-01
-1.0753e+00
6.0855e-01
5.4203e-01
-3.1130e-01
-9.1468e-01
-8.5968e-01
1.9525e-01
-1.1307e+00
-1.3630e-01
-1.1282e+00
6.6901e-01
-1.1255e+00
-1.0668e+00
-1.0786e+00
-9.5968e-01
7.6213e-01
-1.0740e+00
4.8269e-01
7.1875e-01
7.2210e-01
-4.1781e-01
7.0178e-01
6.6229e-01
-6.5819e-02
1.3339e-01
-1.9348e-01
-7.4386e-01
7.1091e-01
-1.0222e+00
4.1598e-01
7.3655e-01
7.4327e-01
6.7787e-01
-2.0871e-01
-8.6689e-01
5.2767e-01
5.2179e-01
-3.5557e-01
7.4385e-01
7.2543e-01
-1.0042e+00
-4.9317e-01
-1.0638e+00
-1.0408e+00
-1.1161e+00
-1.1190e+00
4.9803e-01
-8.3725e-01
-7.8930e-01
-1.1260e+00
-3.3064e-01
6.8278e-01
7.4214e-01
7.0626e-01
7.1054e-01
6.8392e-01
-1.1267e+00
6.7809e-01
-2.6015e-01
6.7564e-01
4.1079e-01
-1.1103e+00
-5.5999e-01
3.3554e-01
-9.2359e-01
6.6888e-01
4.0238e-01
7.4276e-01
7.6163e-01
-3.4864e-02
-6.8701e-01
-2.6452e-01
1.1391e-01
5.1654e-01
5.4997e-02
-5.6919e-01
-1.1168e+00
7.0767e-01
7.4168e-01
7.7155e-01
6.2939e-01
4.8468e-01
7.4477e-01
4.9981e-01
7.2859e-01
7.5262e-02
3.0447e-01
-1.1225e+00
-1.1311e+00
-1.1311e+00
-1.1291e+00
-1.0981e+00
-1.1305e+00
6.7695e-01
1.8902e-02
-1.1088e+00
-8.6889e-01
-8.7250e-01
9.7320e-02
7.6065e-01
-1.1303e+00
-1.1309e+00
1.0145e-01
-1.1231e+00
-3.6738e-01
-5.8523e-01
6.7505e-01
-1.9919e-01
4.1068e-01
-2.6894e-01
-1.1115e+00
5.1256e-01
7.7132e-01
7.7573e-01
7.6143e-01
3.6412e-01
7.5736e-01
6.9707e-01
7.5553e-01
7.2913e-01
3.5275e-01
-1.0610e+00
1.5682e-01
7.4863e-01
-1.1012e+00
-1.9872e-01
-1.5464e-01
-8.9044e-01
-1.1192e+00
-1.9952e-01
-1.1173e+00
6.0743e-01
-9.3353e-01
-1.1254e+00
3.3249e-01
-1.0631e+00
-7.5900e-01
-1.1175e+00
-9.6959e-01
-8.6896e-01
-9.7156e-01
5.8521e-01
-4.7813e-01
7.3440e-01
6.4824e-01
7.6773e-01
7.6101e-01
4.6961e-01
7.4606e-01
-5.8759e-01
7.5732e-01
7.5980e-01
6.1215e-01
-1.0997e+00
-1.1269e+00
7.3373e-01
7.6939e-01
-6.8311e-01
7.4126e-01
7.7203e-01
-1.0465e+00
-1.1291e+00
-3.5176e-01
3.7941e-01
9.7146e-02
6.9999e-01
-1.1017e+00
6.0960e-01
-8.2670e-01
7.3158e-01
-6.2341e-01
7.2750e-01
-1.7894e-01
5.7823e-01
-1.3534e-01
1.6224e-01
7.1457e-01
6.1802e-01
7.4639e-01
-1.0540e+00
-1.0190e+00
7.5029e-01
-2.5589e-01
1.9069e-01
7.6401e-01
7.6083e-01
-6.3990e-01
6.0256e-01
3.6727e-01
7.5091e-01
-1.1301e+00
5.7593e-01
4.9923e-01
-1.1299e+00
-1.1230e+00
-1.0167e+00
4.3253e-01
4.1297e-01
2.7848e-01
-1.1296e+00
-8.7130e-01
-1.0338e+00
7.2129e-01
7.1185e-01
-1.0188e+00
7.6769e-01
6.9074e-01
-2.0770e-01
3.8209e-01
-8.8599e-01
3.0809e-01
-9.2358e-01
7.5329e-01
6.9192e-01
7.6037e-01
-5.6200e-01
7.6385e-01
-1.0957e+00
7.6863e-01
3.7866e-01
6.0729e-01
-2.0908e-01
-4.9136e-01
-1.0113e-01
-8.3135e-01
6.8105e-01
-1.0429e+00
-1.0128e+00
3.6228e-01
-7.6894e-02
-1.0452e+00
-3.2084e-01
6.7602e-01
7.4237e-01
6.4552e-01
-5.2130e-01
-6.9463e-01
6.4258e-01
-1.1104e+00
4.8816e-01
-2.2325e-01
1.3909e-01
-9.7888e-01
7.5355e-01
-9.1210e-01
-3.9914e-01
7.6831e-01
5.2536e-01
5.1093e-01
3.4187e-01
-1.1284e+00
3.3640e-01
7.0939e-01
7.0680e-01
-1.0065e+00
4.4821e-01
-1.0173e+00
4.1420e-01
5.6703e-01
-5.6051e-01
-1.0893e+00
-1.0749e+00
5.3008e-01
-1.0643e+00
7.5840e-01
2.0992e-02
7.6290e-01
1.6797e-01
3.1569e-01
5.8356e-01
3.3456e-01
7.8118e-01
6.7379e-01
7.5718e-01
7.7195e-01
7.3113e-01
3.8384e-01
-1.1010e+00
2.8554e-01
7.7075e-01
7.5350e-01
7.4983e-01
5.0513e-01
7.8063e-01
-1.0023e+00
-9.7348e-01
-1.1043e+00
6.8313e-01
6.5099e-01
-6.6852e-01
9.3927e-02
-1.0115e+00
5.3859e-01
5.6801e-01
6.4120e-01
5.7150e-02
-1.0739e+00
-1.0727e+00
7.4879e-01
7.7677e-01
5.4288e-01
-1.1290e+00
-1.1259e+00
7.5790e-01
7.6215e-01
-1.1093e+00
-8.5797e-01
-1.0481e+00
-1.0948e+00
-9.3043e-01
-8.9145e-01
-3.0004e-01
-9.8663e-01
7.5977e-01
-4.1403e-01
2.4479e-01
-7.3257e-01
7.3879e-01
1.1044e-01
-1.0533e+00
-9.3650e-01
7.0443e-01
7.3051e-01
-1.0806e+00
-1.0431e+00
-3.1117e-01
-1.0154e+00
7.4711e-01
6.5201e-01
7.5680e-01
2.9971e-01
-1.1303e+00
7.6053e-01
7.5749e-01
-8.9724e-01
7.1139e-01
-1.0504e+00
-5.4358e-01
-3.9995e-01
3.2969e-03
-1.0762e+00
-1.1015e+00
-1.0964e+00
7.5098e-01
-1.1239e+00
-1.0496e+00
-1.1302e+00
-1.0430e+00
7.0267e-01
5.3906e-01
7.3187e-01
6.3777e-01
7.5275e-01
-1.2389e-01
-1.1278e+00
-1.1256e+00
2.2418e-01
-1.0295e+00
-8.7987e-01
3.2563e-01
6.5152e-01
8.4655e-02
3.9255e-01
3.3103e-01
7.2992e-01
7.4574e-01
-2.1115e-01
4.1663e-01
-3.9054e-01
6.5865e-01
6.4561e-01
-4.6873e-01
7.4889e-01
7.5648e-01
7.7036e-01
-8.8921e-01
-1.1027e+00
-1.1224e+00
-1.2053e-01
7.1269e-01
-1.1305e+00
-5.2484e-01
-1.1304e+00
6.7993e-01
-1.0978e+00
-9.9634e-01
-1.0625e+00
5.8959e-01
-1.0789e+00
6.1589e-01
4.7664e-01
7.1945e-01
-1.6323e-03
-1.1204e+00
6.9109e-01
-2.4853e-01
-7.2337e-01
-7.9112e-01
-1.1267e+00
7.3622e-01
4.5794e-01
-6.9659e-01
-6.7841e-01
5.6600e-01
7.5402e-01
-4.7630e-01
6.4077e-01
-9.4275e-02
-1.4490e-02
7.4527e-01
5.5271e-01
7.5268e-01
6.1946e-01
-1.1225e+00
-9.8692e-02
-4.4205e-02
-3.5517e-01
6.2562e-01
7.2795e-01
7.3046e-01
7.6326e-01
-1.0664e+00
-7.0676e-01
-8.2424e-01
-1.1010e+00
5.6833e-01
1.5631e-01
7.4574e-01
-1.4943e-01
6.8710e-01
7.4728e-01
-6.4759e-01
-1.1308e+00
7.6570e-01
7.6748e-01
-3.2424e-01
7.6651e-01
7.5072e-01
-7.2413e-01
-9.4144e-01
-9.8692e-01
-1.1075e+00
-1.0806e+00
7.5133e-01
-1.1305e+00
7.5269e-01
-6.2615e-01
-1.0089e+00
9.1366e-02
2.2838e-02
4.8943e-01
-8.9935e-01
-6.1687e-01
1.5872e-01
7.4957e-01
5.7888e-01
7.0797e-01
7.6255e-01
7.5990e-01
7.3489e-01
7.6282e-01
1.1266e-01
-6.0742e-01
2.5034e-01
7.1609e-01
6.8852e-01
4.3872e-01
6.4460e-01
-1.1303e+00
-1.0336e+00
3.7153e-01
-5.7058e-01
-2.5085e-01
7.3107e-01
2.9849e-01
-4.4816e-01
-9.6912e-01
-5.9797e-01
9.5856e-02
-1.0118e+00
-1.9715e-01
1.3649e-01
-1.1296e+00
-2.6180e-01
7.5576e-01
-1.0899e+00
-1.0145e+00
-1.1285e+00
6.5160e-01
7.6871e-01
-1.1294e+00
-1.1083e+00
7.2025e-01
7.5979e-01
-6.9640e-01
1.2639e-01
-4.0024e-03
-9.2507e-02
3.9032e-01
-1.1235e+00
1.9696e-01
5.1052e-01
7.4087e-01
-7.9620e-01
1.5598e-01
7.4355e-01
-9.1541e-01
-2.3459e-01
8.3565e-02
-1.1289e+00
-2.0297e-01
-1.1151e+00
-1.1235e+00
-3.5875e-01
7.4233e-01
5.5286e-01
7.5279e-01
-1.1105e+00
-3.3938e-02
-1.0317e+00
-1.1304e+00
7.5124e-01
3.4998e-01
-1.1178e+00
7.7251e-01
7.5378e-01
-1.1264e+00
7.5514e-01
7.5415e-01
7.3504e-01
7.3027e-01
3.3629e-01
9.6724e-02
-1.1088e+00
5.6868e-01
7.2145e-01
7.4927e-01
7.0987e-01
7.2288e-01
7.2448e-01
7.5838e-01
-9.8997e-01
6.2724e-01
-8.0944e-01
7.3660e-01
7.2571e-01
-2.0540e-01
-2.3522e-01
-2.3814e-01
7.5545e-01
7.4378e-01
2.4179e-01
2.4335e-01
1.9680e-03
7.4773e-01
-4.7718e-01
3.8589e-01
-1.1121e+00
-1.0869e+00
7.1945e-01
-1.1266e+00
-4.2478e-01
-1.0544e+00
-8.5792e-01
-1.0463e+00
-2.0214e-01
-4.1559e-01
-6.9567e-01
-6.6540e-02
-1.0212e+00
7.8841e-02
2.4035e-01
2.4477e-01
-1.1117e+00
-1.1299e+00
7.3825e-01
-6.4004e-01
6.1410e-01
2.3006e-01
5.5924e-01
3.3591e-01
6.8934e-01
-1.0883e+00
-5.8984e-01
-1.4858e-01
7.0849e-01
7.0001e-01
7.4315e-01
-1.1030e+00
-1.0738e+00
-6.5182e-01
-8.4524e-01
7.4459e-02
5.8380e-01
-1.8847e-04
-1.0367e+00
5.4027e-01
5.4382e-01
6.2749e-01
7.6883e-01
7.6633e-01
5.6560e-01
-3.2450e-01
-9.1057e-01
-1.0990e+00
6.9720e-01
-1.4640e-01
7.5296e-01
7.5830e-01
2.7342e-01
-7.8501e-01
-8.0776e-01
7.4910e-01
-6.8492e-01
7.1975e-01
-3.1581e-01
-1.1206e+00
5.1098e-01
5.7354e-01
-9.9908e-01
-7.0013e-01
-1.0977e+00
-1.0975e+00
-1.1282e+00
7.7320e-01
6.9470e-01
6.5614e-01
6.5240e-01
6.7380e-01
7.6362e-01
7.5635e-01
7.6345e-01
-3.1536e-02
-8.9546e-01
-1.0477e+00
-1.1070e+00
-2.6611e-01
-8.2133e-01
1.8613e-01
-1.8635e-01
-1.1311e+00
-5.2470e-01
6.3958e-01
7.5453e-01
-2.8029e-01
-1.0415e-01
-1.0896e+00
-1.0394e+00
1.9547e-02
3.8609e-01
7.7725e-01
7.2693e-01
2.0508e-01
-5.6419e-01
3.6542e-01
-6.1106e-02
-1.0880e+00
-1.0775e+00
-1.0471e+00
-1.1014e+00
5.0790e-01
5.2846e-01
7.2329e-01
6.6165e-01
1.7361e-02
-9.2763e-02
5.9866e-01
7.3492e-01
-5.8286e-01
-1.1244e+00
-1.1294e+00
6.0839e-01
4.1954e-01
4.4009e-01
7.8031e-01
-1.1311e+00
6.7364e-01
7.6925e-01
2.5948e-02
7.6315e-01
7.1129e-01
7.5570e-01
-1.1260e+00
-1.1206e+00
7.4127e-01
6.7564e-01
4.6224e-01
7.3932e-01
6.2035e-02
-5.8732e-01
6.2078e-02
-7.8445e-01
-7.0960e-01
7.6276e-01
8.0830e-02
-1.4105e-01
6.4992e-01
7.5121e-01
6.6431e-01
-7.2078e-01
-1.1306e+00
-1.1300e+00
2.0710e-01
-9.5324e-01
-1.1172e+00
7.4999e-01
4.7187e-01
-1.9211e-01
-5.1658e-01
-3.9795e-01
-1.0882e+00
5.8907e-01
7.4197e-01
-6.7308e-02
-1.1247e+00
7.7197e-01
7.2667e-01
7.4897e-01
-6.7477e-01
4.0861e-01
-1.0668e+00
-1.0231e+00
-2.0866e-01
7.7248e-01
-1.0298e+00
4.0879e-01
-8.4785e-01
-1.1141e+00
-1.0910e+00
-1.0914e+00
-1.1192e+00
-9.5703e-01
6.6801e-01
-7.9644e-01
4.7377e-01
4.1013e-01
2.6323e-01
1.8645e-01
5.7861e-01
7.7399e-01
7.4483e-01
-1.1249e+00
-3.5760e-01
7.7037e-01
7.2131e-01
7.1115e-01
7.7888e-01
6.3009e-01
-7.5006e-01
-1.0548e+00
-1.1278e+00
1.3950e-01
-9.4301e-01
7.5578e-01
-9.5267e-01
-9.0108e-01
-1.1184e+00
5.2910e-01
7.6949e-01
-1.1287e+00
-1.0707e+00
-1.1245e+00
7.1338e-01
7.4848e-01
7.2162e-01
-9.3053e-01
-9.9453e-01
6.2284e-01
5.7225e-01
7.5421e-01
5.6236e-01
6.6703e-01
-1.1299e+00
9.5429e-02
-2.8748e-01
-1.1292e+00
-1.0840e+00
-6.7547e-02
-9.8110e-01
6.2625e-01
-1.1125e+00
6.6405e-01
-3.2809e-01
-1.0805e+00
-1.1051e+00
-1.1211e+00
-1.1296e+00
-8.7257e-01
-1.0825e+00
-5.7008e-02
-1.1188e+00
3.4157e-01
-1.1284e+00
4.2525e-01
-3.0220e-01
-1.0224e+00
-1.1262e+00
-1.1245e+00
7.6786e-01
-5.8737e-01
7.8165e-01
7.5283e-01
-1.1151e+00
-1.0947e+00
-9.6142e-01
3.4018e-01
5.4645e-01
-7.0171e-01
5.6151e-01
6.7979e-01
7.2868e-01
5.2575e-01
6.6496e-02
2.2568e-01
2.2824e-01
-1.1287e+00
-1.0407e+00
-1.0703e+00
7.5178e-01
7.5228e-01
-3.4284e-01
-1.1244e-01
-7.4890e-01
7.4866e-01
-1.0567e+00
6.8117e-01
7.6195e-01
7.1444e-01
5.1824e-01
4.0012e-01
-1.2909e-01
-8.2099e-02
6.5584e-01
5.9739e-01
-8.6363e-01
6.9285e-01
-8.3568e-01
6.3525e-01
-1.1302e+00
-1.1310e+00
-1.1140e+00
7.4227e-01
7.5939e-01
-7.7853e-01
7.5990e-01
-7.7557e-01
-4.8632e-01
-8.7190e-01
6.5416e-01
-3.3822e-02
-9.8628e-01
-1.1081e+00
7.7019e-01
7.6974e-01
-8.4248e-01
7.6204e-01
7.6285e-01
5.7867e-01
-1.0905e+00
-1.0711e+00
-2.8116e-01
-6.4772e-01
-1.1237e+00
-1.1165e+00
4.1198e-01
5.3600e-01
-9.9083e-01
-2.9919e-01
6.9526e-01
-1.0887e+00
1.2715e-01
-4.3242e-01
-1.1115e+00
2.5031e-01
-1.1296e+00
-7.0326e-01
-8.3644e-01
-1.0676e+00
6.7956e-01
7.3963e-01
-1.2840e-01
1.3942e-01
4.4804e-01
1.7943e-01
-3.4621e-01
1.0963e-01
7.0365e-01
-4.6603e-01
-9.9561e-01
-1.6515e-01
7.5721e-01
7.2500e-01
6.4641e-01
6.5577e-01
-1.0957e+00
2.2947e-01
-1.0316e+00
-1.1303e+00
-1.1277e+00
-1.0829e+00
4.2155e-01
-1.0916e-01
-1.1129e+00
4.2674e-02
-5.0891e-01
-1.0695e+00
-1.1041e+00
5.4264e-01
4.1237e-01
-1.1235e+00
-1.1261e+00
-1.1288e+00
-4.2189e-01
-3.7727e-01
-1.1251e+00
-7.6475e-01
-1.1162e+00
-1.1306e+00
5.7401e-01
5.4412e-01
-9.8527e-01
7.7441e-01
3.0262e-01
-1.0645e+00
-3.4604e-01
2.5257e-01
-1.8534e-01
7.4795e-01
-1.1247e+00
-6.5557e-01
4.7068e-01
7.1840e-01
7.4070e-01
4.4923e-01
3.1952e-01
-2.3182e-01
7.6356e-01
-1.1278e+00
-1.1090e+00
-3.7181e-02
-8.0795e-01
-7.5806e-01
7.2681e-01
6.4072e-02
-9.4502e-01
4.4611e-01
7.4895e-01
-9.6629e-01
-1.1240e+00
3.1700e-01
-1.0176e+00
-1.0645e+00
5.8353e-01
-1.1227e+00
-3.4574e-01
6.5207e-01
6.6245e-01
7.5167e-01
4.0715e-01
-1.0997e+00
-1.0961e+00
3.5808e-01
-9.9157e-01
-1.1271e+00
-1.0134e+00
-1.1303e+00
-1.1223e+00
-2.2523e-01
7.6008e-01
7.1695e-01
7.5710e-01
-1.1295e+00
-1.1311e+00
7.7288e-01
4.5258e-01
-6.8150e-01
-1.1258e+00
7.5948e-01
-9.1300e-01
6.2016e-01
-7.3069e-01
7.6867e-01
-5.5160e-01
5.9359e-01
6.3221e-01
-5.5788e-01
-3.4862e-01
-7.8144e-01
-2.8403e-01
-1.0490e+00
7.6437e-01
7.6400e-01
6.8253e-02
-1.1015e+00
-5.8917e-01
-1.1290e+00
4.3018e-02
-1.0498e+00
7.4276e-01
6.2948e-01
2.2165e-01
7.7830e-01
-1.1212e+00
-1.1142e+00
-7.2014e-02
-4.1586e-01
6.7687e-01
7.4751e-01
7.4235e-02
-8.6575e-01
-8.3975e-01
-1.0735e+00
-1.0732e+00
3.8376e-01
6.4534e-01
-1.6841e-01
2.9131e-01
-7.2712e-01
-1.7968e-02
7.4320e-01
-1.0182e+00
-1.1306e+00
6.1286e-01
7.4413e-01
7.4843e-01
-8.7885e-01
-1.1152e+00
7.0605e-01
4.2259e-01
-5.4234e-03
-1.0365e+00
7.3265e-01
6.4618e-01
-1.0670e+00
7.4195e-01
-8.9940e-01
-1.1197e+00
-1.1063e+00
6.7222e-01
-1.1221e+00
-1.0286e+00
-1.0668e+00
-9.2427e-01
-5.5648e-01
-9.9340e-01
4.5252e-01
-1.1115e+00
-1.0869e+00
-1.1262e+00
-1.1232e+00
7.6915e-01
7.5151e-01
-1.1228e+00
7.3038e-01
6.3567e-01
6.6021e-01
4.6490e-01
-5.8582e-01
-1.1009e+00
7.6378e-01
5.2147e-01
6.3870e-01
7.7725e-01
7.0497e-01
2.7824e-01
-4.8464e-01
-1.0928e+00
-1.1248e+00
-1.1313e+00
-8.3278e-01
-4.8453e-01
-8.8311e-02
-1.1282e+00
-7.3697e-01
-1.0549e+00
-9.3452e-01
7.3854e-01
3.4504e-01
-1.0856e+00
7.2655e-01
-1.0859e+00
-1.1235e+00
-9.9334e-01
-4.1862e-01
-1.1209e+00
7.5747e-01
-9.7117e-01
-1.1271e+00
6.9256e-01
5.2525e-01
4.0037e-01
-1.0582e+00
-1.1094e+00
-1.1245e+00
7.1956e-01
4.5938e-01
-1.1307e+00
4.6797e-01
-1.0907e+00
4.6754e-01
7.4495e-01
-1.1305e+00
2.0594e-01
1.7692e-01
-1.1253e+00
-1.1193e+00
7.1993e-01
-1.1280e+00
6.7625e-01
6.8948e-01
2.6755e-01
1.5805e-01
-1.0911e+00
-8.9228e-02
-1.1209e+00
2.3801e-01
-1.1224e+00
-1.0648e+00
-9.3607e-01
7.4304e-01
-1.1302e+00
-1.5129e-01
-1.0529e+00
-1.0922e+00
-1.0860e+00
6.4667e-01
7.6548e-01
-1.1241e+00
-6.8103e-01
7.0976e-01
2.6491e-01
-9.3718e-01
4.2205e-01
-8.9815e-01
-1.1021e+00
-4.9330e-01
-1.1291e+00
-8.3479e-01
5.4938e-01
-1.1122e+00
4.5594e-01
-1.0295e+00
-7.1763e-01
-1.1077e+00
4.8886e-01
-3.6232e-01
-9.8683e-01
5.6359e-01
-1.0779e+00
-8.5563e-01
-9.4442e-01
6.1155e-01
4.1787e-01
-9.8949e-01
4.6166e-01
-1.1312e+00
6.3569e-01
-8.9024e-01
7.5169e-01
-9.9416e-01
-9.5349e-01
-1.1097e+00
-3.8835e-01
-9.8735e-01
7.3003e-01
-4.3378e-01
-1.1184e+00
-8.3468e-01
-1.1172e+00
-1.1311e+00
-1.1312e+00
6.9874e-01
-6.7546e-01
-1.1008e+00
-1.0244e+00
-1.1233e+00
3.7197e-01
-9.3883e-01
6.2863e-01
-2.7145e-01
-4.7973e-01
-9.2444e-01
-5.5507e-01
5.4314e-01
7.7151e-01
-1.0711e+00
8.3085e-02
-1.0737e+00
-1.1147e+00
-9.5882e-01
-1.1158e+00
-9.1042e-01
5.1869e-01
-9.2464e-01
-1.1306e+00
-1.1243e+00
3.6127e-01
1.5863e-01
7.1904e-01
-4.0181e-01
7.5138e-01
-8.4347e-01
-8.2900e-01
6.1341e-01
-3.3102e-01
-4.1972e-01
5.9014e-01
-1.0488e+00
-1.1190e+00
-1.1098e+00
-1.1258e+00
-5.9807e-01
-1.1008e+00
6.6615e-02
6.9440e-01
6.8951e-01
1.8390e-01
6.2545e-01
-1.1140e+00
7.6001e-01
7.7346e-01
-7.4621e-01
-1.1273e+00
7.4717e-01
6.5639e-01
-1.0522e+00
-9.8127e-01
-9.1800e-01
7.1808e-01
1.5541e-01
-6.4067e-01
5.8909e-01
6.4198e-01
7.3396e-01
1.2662e-02
6.4267e-01
7.6034e-01
-3.6838e-01
1.9187e-01
6.1799e-01
4.5963e-01
4.5605e-01
7.4692e-01
-9.5566e-01
-1.0220e+00
5.3063e-01
-1.0288e+00
5.3064e-01
-7.4497e-01
4.2840e-01
-1.1288e+00
4.6231e-01
-2.9185e-01
-1.1184e+00
4.5553e-01
6.6410e-01
-1.1262e+00
7.7346e-01
-9.0276e-01
7.6842e-01
7.5855e-01
6.7044e-01
-1.0879e+00
-1.1309e+00
7.2736e-01
7.4958e-01
-9.4486e-01
-3.7879e-01
6.8820e-01
7.3523e-01
8.2821e-02
-5.2156e-01
7.1369e-01
-2.4553e-01
3.5588e-01
4.9680e-01
-1.0836e+00
-1.0889e+00
-7.5820e-01
2.7383e-01
7.2449e-01
-5.9413e-01
-1.1297e+00
-1.1286e+00
6.8707e-01
-7.8830e-01
-1.1220e+00
7.6308e-01
-2.1347e-01
-1.1310e+00
-1.0033e+00
-1.7327e-01
2.7990e-01
6.1261e-01
-9.9106e-01
-1.1289e+00
-8.7056e-01
-8.4060e-01
-1.5318e-01
-1.0378e+00
-1.1295e+00
4.2781e-01
-1.1188e+00
-1.1300e+00
7.5174e-01
-1.3633e-01
5.5357e-01
3.1828e-01
-8.8335e-01
-4.5816e-01
-1.0118e+00
-1.0996e+00
2.1038e-01
-1.5794e-02
-4.4117e-01
3.1520e-01
-9.5516e-01
7.5289e-01
-1.1289e+00
7.3221e-01
7.5068e-01
-1.0568e+00
-9.8584e-01
1.4142e-01
-1.1236e+00
-1.0479e+00
-3.3639e-01
-1.1239e+00
2.4128e-01
7.8038e-01
5.0281e-01
-3.9318e-01
-1.4660e-01
-7.4461e-01
-3.0551e-01
6.8273e-01
6.8692e-01
2.8984e-01
3.6029e-01
-8.9130e-01
-5.7711e-01
6.8333e-01
4.6498e-01
-9.8380e-01
-7.1474e-01
-1.2320e-02
5.0203e-01
-1.1157e+00
7.0929e-01
7.6163e-01
7.4274e-01
4.8836e-01
6.4646e-01
-2.0712e-01
3.8786e-01
-3.1865e-01
-1.1036e+00
4.2086e-01
7.4926e-01
7.4754e-01
7.4168e-01
1.4007e-01
7.6077e-01
5.0462e-01
-1.1215e+00
4.7848e-01
-1.0358e+00
2.0878e-02
1.4369e-01
-1.0545e+00
-9.8955e-01
6.0341e-01
6.1441e-01
-1.1280e+00
7.5228e-01
-1.1254e+00
-1.1300e+00
-3.0027e-01
-1.0628e+00
-1.9362e-02
7.5010e-01
-1.1102e+00
-1.1170e+00
5.7410e-01
1.4636e-01
-1.1146e+00
-9.0926e-02
-1.0661e+00
-1.4947e-01
-4.3379e-01
-6.2589e-01
1.9834e-01
6.8803e-01
2.6803e-01
2.0974e-01
-8.7851e-01
-5.9572e-03
-2.6613e-01
2.8607e-01
3.0162e-01
-1.0578e+00
-8.4429e-01
-1.5586e-02
3.0317e-01
-1.1309e+00
-1.1303e+00
-1.1214e+00
-8.6833e-01
-1.1304e+00
4.2119e-01
1.6415e-01
-5.8657e-01
-9.5798e-01
-1.0150e+00
-9.4117e-01
-1.1017e+00
-8.8389e-01
-1.4260e-02
-1.1290e+00
-1.0967e+00
-1.1301e+00
4.4713e-01
-1.0501e+00
1.8826e-02
-6.5508e-01
-3.7120e-01
7.1712e-01
5.3692e-01
-1.0860e+00
-1.0836e+00
-1.0149e+00
5.3273e-01
-1.1305e+00
-1.0922e+00
-9.5158e-01
6.7752e-01
7.3788e-01
-1.0727e+00
7.7712e-01
-1.1311e+00
7.3273e-01
-6.6602e-01
-3.4987e-01
7.5762e-01
-9.1620e-01
1.8827e-01
1.3793e-02
-1.9673e-02
5.8028e-01
6.6184e-01
7.1644e-01
7.6301e-01
7.6372e-01
-1.1303e+00
-4.1504e-01
-1.1232e+00
-1.7982e-01
-4.4385e-01
-1.0998e+00
-1.0674e+00
-5.0550e-01
4.6278e-01
4.8590e-01
7.4073e-01
2.8623e-01
-4.1989e-01
7.5967e-01
7.3645e-01
-1.0716e+00
-1.0893e+00
-5.5711e-01
-2.7025e-01
-5.5653e-01
2.0939e-01
7.4503e-01
1.7954e-01
-8.4930e-01
-1.0835e+00
1.8705e-01
-1.1117e+00
-1.0469e+00
-2.3531e-01
-1.0429e+00
3.7002e-01
-7.4312e-01
5.1139e-01
-6.2729e-01
-5.7609e-01
-1.1157e+00
-3.7276e-01
7.3461e-01
6.2351e-01
-8.9098e-01
-1.1165e+00
-1.1307e+00
-1.1113e+00
-4.9782e-01
3.2217e-01
6.5714e-01
5.3013e-01
-1.1222e+00
-1.0115e+00
6.5593e-01
7.2941e-01
-1.1258e+00
-9.9561e-01
-1.3583e-01
-8.5842e-01
-8.0498e-01
-1.1086e+00
7.7996e-01
-3.1615e-01
-1.1226e+00
7.0494e-01
6.0499e-01
7.5175e-01
5.4760e-01
7.1074e-01
6.8932e-01
-5.5198e-01
-1.8762e-01
-1.0505e-01
7.6005e-01
-1.0743e+00
-4.6717e-01
-6.9981e-01
4.1094e-01
3.1148e-01
-1.0734e+00
-1.1262e+00
7.2296e-01
2.7871e-01
1.9422e-01
2.7789e-01
7.7686e-01
2.1210e-01
6.9027e-01
4.6861e-01
-9.2055e-01
-9.5697e-01
4.4826e-01
7.6159e-01
-1.1176e+00
-1.1042e+00
-1.0814e+00
-1.0953e+00
-1.1172e+00
-9.5656e-01
7.3291e-01
-9.3883e-02
-2.0798e-01
-5.8823e-01
3.7478e-01
-1.1217e+00
7.1727e-01
6.9174e-01
-1.1280e+00
-6.3021e-01
6.4017e-01
-9.2599e-01
7.5891e-01
-7.7972e-01
-4.9498e-01
5.3113e-01
-1.0802e-01
6.8000e-01
-5.0935e-01
2.7936e-01
-6.5450e-01
-1.0708e+00
6.3368e-01
-1.0986e+00
2.9456e-01
-1.0999e+00
-5.7424e-01
-5.0336e-01
6.8064e-01
7.3133e-01
7.4782e-01
-1.0426e+00
-5.9852e-01
-9.9434e-01
4.9023e-02
4.7455e-01
-1.1183e+00
-8.7455e-01
-1.1308e+00
-9.7054e-01
7.2746e-01
-1.0898e+00
-1.1311e+00
-1.1012e+00
-8.8212e-01
-1.0188e+00
3.3369e-01
-9.6472e-01
-2.1134e-01
-1.1020e+00
-1.0863e+00
-8.6921e-01
-1.0447e+00
6.0622e-01
7.2037e-01
1.3446e-01
-2.2789e-01
7.0128e-01
-4.5813e-01
-1.1251e+00
6.9194e-01
-1.1265e-01
3.9001e-01
1.3046e-01
7.2478e-01
3.9610e-01
-1.0478e+00
-9.0021e-01
6.1927e-01
-1.0346e+00
-2.1531e-01
-1.1268e+00
5.0299e-01
5.6138e-01
-1.0934e+00
-1.0770e+00
-1.0501e+00
-7.5007e-01
6.1456e-01
-8.3056e-01
-4.0282e-01
5.5035e-01
-1.0828e+00
-8.7423e-01
7.6197e-01
-1.1097e+00
-4.6274e-01
-8.6071e-01
6.4493e-01
-7.6100e-01
-9.8625e-01
-6.4077e-01
7.0443e-01
4.7583e-01
4.4143e-01
3.3652e-01
4.7694e-01
-6.1044e-01
6.0161e-01
-9.8576e-01
7.1713e-01
8.0486e-02
7.2813e-01
-2.5613e-02
3.4084e-01
7.4979e-01
5.3167e-02
-2.9502e-01
-1.0147e+00
-1.0948e+00
-9.9685e-01
5.3505e-01
7.3954e-01
7.3333e-01
-4.8828e-01
-5.7485e-01
6.9528e-01
7.6860e-01
7.8034e-01
6.2752e-01
7.6849e-01
6.2002e-02
-2.6367e-02
-1.0425e+00
-1.1231e+00
-1.1176e+00
-6.9864e-01
6.7220e-01
-1.3152e-01
-1.6220e-01
6.2853e-01
4.3489e-01
-8.0821e-01
1.3437e-01
-6.7063e-01
5.9363e-01
-1.0733e+00
-8.4796e-01
7.5022e-01
-7.9976e-01
-1.0898e+00
-1.1111e+00
5.6581e-01
7.4368e-02
4.5222e-01
-1.1123e+00
-8.9193e-01
7.6734e-01
1.2979e-01
-9.2192e-01
-9.1959e-01
-1.0397e+00
6.1560e-01
7.5411e-01
-8.4946e-01
4.3914e-01
-2.3619e-01
-1.1144e+00
-8.4860e-01
-1.0520e+00
-2.6980e-01
6.0094e-01
6.0413e-01
7.5846e-01
4.0081e-01
7.5543e-01
-9.5787e-01
6.2683e-01
-1.1180e+00
-1.1300e-01
1.4753e-01
7.4345e-01
-8.3876e-01
7.4898e-01
-1.1295e+00
-6.4461e-01
5.6472e-01
6.6081e-01
5.4527e-01
-7.9263e-01
4.3220e-01
6.7463e-01
-9.9346e-01
-2.0046e-01
2.2850e-01
2.0784e-01
-9.7666e-01
-1.0317e+00
2.2015e-01
-5.5540e-01
-1.1225e+00
1.4266e-01
7.6004e-01
-1.1086e+00
7.6736e-01
7.7144e-01
-1.0795e+00
-9.8402e-01
-9.7459e-01
6.3545e-01
-7.6766e-01
-1.0442e+00
-1.0369e+00
-9.4429e-01
-7.3214e-01
-1.0004e+00
-2.4046e-01
-1.1232e+00
-1.1142e+00
6.6162e-01
-1.0336e+00
-1.1127e+00
-1.1259e+00
-2.5844e-01
-6.9618e-01
-1.0268e+00
-8.7961e-01
4.5704e-01
-1.1006e+00
-4.4837e-02
4.5484e-01
-6.6548e-01
7.1465e-01
4.9074e-01
7.4037e-01
-1.1313e+00
-2.1149e-01
-1.1154e+00
6.3976e-01
5.0276e-01
-1.0906e+00
6.3007e-01
-2.7637e-01
-9.0270e-01
7.5632e-01
-1.8471e-01
-1.0598e+00
-1.0263e+00
-1.1234e+00
-1.0722e+00
-1.1182e+00
-1.1307e+00
-1.0176e+00
-1.0966e+00
-1.1058e+00
-7.3182e-01
7.0959e-01
7.5031e-01
-2.8092e-01
-1.0014e+00
7.3667e-01
-1.1158e+00
-1.0412e+00
-1.1163e+00
-9.8376e-01
-3.5590e-01
-1.1213e+00
-1.0856e+00
6.2713e-01
-2.6480e-01
8.3295e-02
-3.8564e-01
-1.3393e-01
-1.1023e+00
-1.1260e+00
3.4854e-02
4.7099e-01
-1.1221e+00
-1.0683e+00
-2.1799e-01
-1.0070e+00
-3.7201e-02
-9.9258e-01
7.4042e-01
-9.5907e-01
-1.0981e+00
-1.0406e+00
7.6615e-01
4.3677e-01
-1.0762e+00
-2.8431e-02
3.9819e-01
1.0146e-01
7.3914e-01
-4.1258e-01
-1.1264e+00
-1.1052e+00
1.0627e-01
7.5693e-01
-1.1292e+00
7.5286e-01
-1.0583e+00
-1.1293e+00
-1.0950e+00
7.9526e-02
-8.6305e-01
-9.0654e-02
6.8469e-01
7.1081e-01
-6.2588e-01
7.7367e-01
-1.0674e+00
7.8237e-01
-1.1216e+00
-1.1213e+00
-1.0044e+00
6.2999e-01
-1.1239e+00
-1.1529e-01
-9.1373e-01
6.5388e-01
6.7268e-01
7.4410e-01
-1.1293e+00
-2.1730e-02
-6.4225e-01
-1.0070e+00
3.6621e-01
4.8518e-01
-1.1307e+00
6.6554e-01
1.3569e-01
-1.1045e+00
-1.0947e+00
-5.2280e-01
-1.0042e+00
-1.0146e+00
7.5154e-01
-1.1033e+00
-9.7829e-01
-1.1218e+00
-1.1040e+00
-1.0450e+00
-1.0805e+00
7.1368e-01
7.5384e-01
1.8978e-01
-9.3468e-01
4.6134e-01
-2.3419e-01
7.0082e-01
-8.2776e-01
5.6793e-01
5.9531e-01
-1.1300e+00
-8.1990e-01
7.6439e-01
-1.1247e+00
-6.6863e-01
1.3436e-01
-1.0067e+00
-1.1098e-01
-1.0403e+00
-1.0192e+00
-1.0964e+00
-1.1287e+00
-1.4038e-01
3.4990e-01
-9.4788e-02
7.3304e-01
-1.0417e+00
-9.4643e-01
7.3839e-01
1.0532e-01
-1.1247e+00
-1.1235e+00
-6.5883e-01
-1.0974e+00
1.5345e-01
-8.5427e-01
-9.2046e-01
-1.0700e+00
-9.0645e-01
-1.0153e+00
-9.2840e-01
5.7089e-01
-8.0552e-01
-2.7666e-01
-1.1292e+00
-1.1290e+00
-1.1302e+00
-1.1303e+00
-1.1222e+00
-1.1312e+00
-1.1312e+00
4.0996e-01
-9.0547e-01
4.2586e-01
-9.8603e-02
-1.0367e+00
-9.5767e-01
-5.9889e-01
-4.4920e-01
6.4936e-01
-7.9619e-01
-1.1163e+00
-1.1080e+00
-1.1304e+00
-1.1165e+00
5.0468e-02
-1.0827e+00
-8.7862e-01
7.2824e-02
4.6781e-01
-1.0933e+00
-1.0321e+00
5.0805e-01
4.7027e-01
-1.1251e+00
-1.1244e+00
-9.6648e-01
7.7646e-01
6.8873e-01
-1.1038e+00
-1.0944e+00
-1.1032e+00
2.5214e-01
-1.0968e+00
-1.1264e+00
-1.0780e+00
-6.8708e-01
-1.1287e+00
7.3185e-01
2.6658e-02
7.5266e-01
-7.9516e-01
7.2239e-01
-1.1096e+00
-8.9542e-01
-1.1089e+00
6.5418e-01
7.1369e-01
-1.0987e+00
6.1935e-01
-1.1186e+00
-3.6865e-01
7.3379e-01
2.8904e-01
-1.0022e+00
-8.2381e-01
-1.6963e-01
5.7913e-01
-4.7064e-01
-1.1076e+00
-1.1112e+00
-7.2458e-01
-1.1004e+00
-1.0277e+00
-3.1879e-01
1.3111e-01
-1.1051e+00
-1.0263e+00
-3.1416e-01
-7.5844e-01
-9.9375e-01
-2.0664e-01
6.5074e-01
-5.3986e-01
-8.8589e-01
-6.6825e-01
5.9076e-01
7.5533e-01
7.4152e-01
7.3506e-01
-1.1280e+00
-1.0648e+00
-9.4963e-01
5.6475e-01
-8.9186e-01
-7.7961e-01
-1.0320e+00
5.8756e-01
1.5151e-01
7.8213e-01
6.9782e-01
7.4736e-01
7.0507e-01
2.4404e-01
-1.6218e-01
5.5384e-01
-5.5450e-01
-1.1187e+00
-1.0065e+00
6.3500e-01
-1.1306e+00
7.6325e-01
6.5861e-01
7.6260e-01
-8.5823e-01
7.3380e-01
4.5825e-01
-1.0817e+00
-5.4556e-01
5.2385e-01
2.5061e-01
-6.6774e-01
-7.6903e-01
6.8598e-01
-4.4453e-01
-6.8166e-01
6.8684e-01
-1.1146e+00
-1.0848e+00
7.2684e-01
7.5731e-01
-1.1087e+00
6.3416e-01
-4.0817e-01
-1.1208e+00
7.6849e-01
-9.3005e-01
-1.0939e+00
-1.0919e+00
-3.4297e-01
-7.1470e-02
7.5896e-01
6.0442e-01
7.3984e-01
6.6438e-01
6.5446e-01
-7.9387e-01
-9.7000e-01
-8.6892e-01
-1.1296e+00
-9.9094e-01
-1.1272e+00
-1.1267e+00
-1.1208e+00
-2.9744e-01
-1.1104e+00
6.0491e-01
5.5473e-01
-9.9275e-01
-1.0968e+00
-1.0434e+00
-1.1234e+00
-1.1300e+00
-1.0332e+00
-1.1202e+00
4.1955e-01
-7.7835e-01
-5.6499e-01
-1.0226e+00
-1.1197e+00
-1.0468e+00
-1.1254e+00
-8.7303e-01
-1.0898e-01
1.4831e-01
-3.1216e-01
6.7370e-01
-7.4606e-01
-9.9660e-01
-9.0214e-01
4.4395e-01
2.7642e-01
-1.1295e+00
-1.0917e+00
7.4733e-01
-1.0757e+00
7.4918e-01
-8.9361e-01
-1.1155e+00
6.7799e-01
-9.5146e-01
-2.6707e-01
-1.1308e+00
7.3001e-01
-6.3423e-01
-1.6961e-01
-1.0606e+00
-1.0518e+00
-1.1223e+00
-1.0743e+00
-1.0813e+00
-1.1096e+00
-5.4426e-01
7.7419e-01
-1.1051e+00
-1.1285e+00
-3.7331e-01
-1.1284e+00
-5.3820e-01
-6.0314e-01
-3.1686e-01
-8.5421e-01
-1.1118e+00
2.4947e-01
-8.8467e-02
2.4239e-01
5.3088e-01
6.3145e-01
-1.1304e+00
-1.0595e+00
-9.4697e-01
5.7006e-03
-1.1147e+00
-9.2980e-01
-1.0941e+00
-8.0366e-01
-1.3923e-01
7.5524e-01
7.1862e-01
7.1374e-01
4.9084e-01
-8.1183e-01
-1.0557e+00
7.7263e-01
-1.0261e+00
6.8625e-01
-1.1212e+00
-1.0203e+00
4.8504e-01
-9.8132e-01
-8.1787e-01
-1.1177e+00
-3.7099e-01
-1.1177e+00
-1.1300e+00
4.0499e-01
-1.0856e+00
-1.1303e+00
8.4567e-02
6.2936e-01
6.0924e-01
-5.0841e-01
-1.1192e+00
-1.0768e+00
-2.6316e-01
-1.1228e+00
-8.4193e-01
2.2592e-01
5.7127e-01
7.1818e-01
-8.1592e-01
-9.7244e-01
-1.1294e+00
-5.4526e-01
-7.9604e-01
-6.5933e-01
-3.6418e-01
6.3404e-01
-1.1294e+00
6.9702e-01
-6.7748e-02
-1.1136e+00
-9.4013e-01
5.7140e-02
-1.0542e+00
-1.1307e+00
7.6347e-01
-1.0138e+00
-9.7810e-01
-1.1087e+00
6.6130e-01
-4.8798e-02
-1.0884e+00
7.7073e-01
5.3692e-01
4.9162e-01
-1.1044e+00
-8.6842e-01
-1.1294e+00
-1.4933e-01
4.2249e-01
2.7326e-01
-5.2597e-01
-1.1212e+00
-8.2780e-01
-1.0887e+00
-6.0255e-01
8.5205e-02
1.3958e-02
-9.5263e-01
-8.4897e-01
-1.0959e+00
-2.1604e-01
-1.0312e+00
6.5914e-01
7.1758e-01
-1.0294e+00
-1.0832e-01
5.5714e-01
2.7798e-01
-1.1046e+00
-9.3335e-01
-1.8621e-01
-1.0319e+00
4.7425e-01
7.5120e-01
5.8199e-01
-1.1274e+00
-1.1258e+00
6.8332e-01
-1.1216e+00
