4.6951e-01
4.1916e-01
2.5434e-01
2.4500e-01
2.5582e-01
4.4585e-01
2.4689e-01
2.4712e-01
6.2638e-01
4.6840e-01
3.8860e-01
2.6065e-01
6.6155e-01
2.4760e-01
4.0763e-01
2.7839e-01
5.8865e-01
6.6499e-01
2.7456e-01
3.7324e-01
4.6567e-01
2.5340e-01
4.7573e-01
2.4397e-01
2.5114e-01
3.5839e-01
2.5864e-01
2.6993e-01
6.6810e-01
6.2616e-01
6.8389e-01
5.5409e-01
4.2294e-01
2.4618e-01
6.7497e-01
5.8433e-01
2.4560e-01
2.9235e-01
2.5223e-01
4.8103e-01
4.9437e-01
2.6586e-01
2.4645e-01
2.6194e-01
2.4984e-01
6.7862e-01
2.7790e-01
3.1947e-01
6.7075e-01
4.0758e-01
4.1588e-01
5.4838e-01
6.0085e-01
3.4363e-01
2.5413e-01
6.1931e-01
3.6247e-01
5.5092e-01
5.9844e-01
2.5727e-01
2.5607e-01
6.4137e-01
2.4731e-01
3.3835e-01
2.5072e-01
6.5076e-01
5.3122e-01
4.6500e-01
5.2475e-01
5.4055e-01
6.8413e-01
4.9324e-01
5.7200e-01
2.4504e-01
4.1048e-01
2.4747e-01
3.3875e-01
2.4455e-01
2.6232e-01
5.1418e-01
6.2480e-01
3.2435e-01
3.3486e-01
2.5734e-01
2.4777e-01
6.2271e-01
3.2797e-01
2.4629e-01
5.2124e-01
6.3440e-01
2.4954e-01
5.7663e-01
6.7802e-01
2.4691e-01
4.2599e-01
3.0445e-01
2.6698e-01
6.4981e-01
2.8113e-01
2.4707e-01
2.4737e-01
6.8164e-01
6.8254e-01
2.5110e-01
6.7810e-01
6.6453e-01
6.7424e-01
6.4359e-01
3.9280e-01
2.4646e-01
6.1658e-01
5.2475e-01
3.2169e-01
2.5639e-01
5.3782e-01
6.2765e-01
2.4420e-01
2.4581e-01
2.7458e-01
4.5616e-01
3.2248e-01
2.4508e-01
6.7965e-01
6.4555e-01
4.9436e-01
6.3652e-01
2.7185e-01
5.6921e-01
5.7735e-01
6.7572e-01
6.0104e-01
6.2059e-01
2.6249e-01
3.0545e-01
4.9459e-01
2.5445e-01
2.8191e-01
2.6870e-01
2.4701e-01
2.7952e-01
3.8671e-01
2.7756e-01
6.6208e-01
4.6358e-01
2.9679e-01
6.1769e-01
4.0515e-01
6.4082e-01
2.4589e-01
3.8396e-01
5.7338e-01
5.9490e-01
6.4692e-01
2.4768e-01
3.4684e-01
4.2844e-01
5.1678e-01
4.5015e-01
2.4757e-01
2.7870e-01
4.4223e-01
2.5585e-01
2.6352e-01
6.5161e-01
4.1715e-01
2.9344e-01
4.2379e-01
6.7730e-01
4.3023e-01
3.2195e-01
2.9164e-01
2.5416e-01
2.4689e-01
6.8345e-01
6.3692e-01
6.6238e-01
6.5875e-01
2.8427e-01
6.5490e-01
3.7448e-01
3.8889e-01
2.5345e-01
5.6467e-01
2.8100e-01
3.6916e-01
2.4409e-01
4.4195e-01
6.7159e-01
2.4411e-01
2.5106e-01
2.7734e-01
2.7474e-01
6.7914e-01
2.9955e-01
2.4675e-01
2.5682e-01
3.1395e-01
5.0884e-01
5.7614e-01
3.0847e-01
3.4698e-01
2.4511e-01
3.1488e-01
6.2274e-01
2.4714e-01
2.4474e-01
4.7912e-01
6.3429e-01
2.9383e-01
3.0315e-01
2.9206e-01
2.7418e-01
2.5442e-01
6.7101e-01
6.0267e-01
6.0467e-01
2.8886e-01
6.6932e-01
6.0320e-01
6.7836e-01
2.7768e-01
5.9985e-01
6.7270e-01
6.3200e-01
5.9099e-01
2.4419e-01
2.6033e-01
2.4445e-01
2.5317e-01
2.4782e-01
2.9099e-01
5.8809e-01
5.5233e-01
6.0256e-01
2.5594e-01
6.2007e-01
6.6204e-01
6.8474e-01
6.7312e-01
6.3112e-01
2.7735e-01
2.4796e-01
6.7329e-01
2.4941e-01
5.4412e-01
6.8122e-01
6.8341e-01
6.7681e-01
6.7663e-01
6.1314e-01
6.1165e-01
2.4684e-01
2.4494e-01
5.1950e-01
6.3659e-01
2.4818e-01
6.7459e-01
6.6945e-01
2.4687e-01
2.5258e-01
3.4950e-01
5.6554e-01
2.9403e-01
2.4929e-01
5.8536e-01
2.8615e-01
6.7081e-01
6.7462e-01
2.4649e-01
3.3059e-01
2.5608e-01
5.5239e-01
2.4494e-01
3.0504e-01
3.9225e-01
6.7179e-01
5.4573e-01
4.4331e-01
4.3925e-01
2.6106e-01
6.5376e-01
3.7687e-01
2.5576e-01
4.5271e-01
2.4709e-01
3.2529e-01
2.4688e-01
5.9124e-01
3.5402e-01
4.0268e-01
2.4695e-01
3.8055e-01
3.0744e-01
4.6350e-01
3.5736e-01
3.6948e-01
2.5882e-01
6.3106e-01
4.0451e-01
3.0863e-01
3.7960e-01
2.9911e-01
6.6994e-01
5.5196e-01
2.8124e-01
5.6563e-01
2.4493e-01
2.4519e-01
2.4550e-01
2.7392e-01
2.8835e-01
2.4400e-01
4.6195e-01
2.5571e-01
6.2937e-01
2.8520e-01
6.1827e-01
6.5530e-01
3.7638e-01
2.4585e-01
2.4957e-01
5.6858e-01
6.2288e-01
2.5451e-01
2.4515e-01
4.3785e-01
5.4051e-01
2.5770e-01
2.5473e-01
4.7400e-01
4.9857e-01
6.4292e-01
6.2737e-01
4.9518e-01
2.4472e-01
6.8004e-01
6.4079e-01
2.5475e-01
4.3526e-01
5.8230e-01
5.1771e-01
3.0472e-01
6.1765e-01
2.6025e-01
2.4402e-01
2.7306e-01
6.6019e-01
6.7341e-01
6.3572e-01
5.7635e-01
3.0403e-01
3.8284e-01
6.1104e-01
5.4755e-01
4.5844e-01
2.5056e-01
2.4675e-01
2.4954e-01
4.7408e-01
3.2739e-01
2.4843e-01
2.4426e-01
2.4504e-01
2.4484e-01
3.9308e-01
4.9530e-01
3.1427e-01
2.5233e-01
2.9435e-01
4.2079e-01
3.3342e-01
4.9053e-01
5.5139e-01
6.8339e-01
2.4477e-01
5.9715e-01
2.4421e-01
2.5520e-01
4.1647e-01
6.7902e-01
2.4587e-01
2.4420e-01
5.1440e-01
2.4422e-01
3.8239e-01
3.0905e-01
2.4483e-01
3.0770e-01
6.6519e-01
3.9370e-01
4.8209e-01
4.9330e-01
4.9881e-01
2.8138e-01
3.1021e-01
3.0123e-01
3.6952e-01
6.7651e-01
2.6682e-01
4.3680e-01
2.5820e-01
2.5629e-01
5.2382e-01
2.5474e-01
6.5402e-01
6.3451e-01
6.8611e-01
2.9834e-01
5.3491e-01
6.2008e-01
4.4199e-01
5.8714e-01
6.6724e-01
4.1360e-01
3.4625e-01
6.7402e-01
2.9933e-01
2.4404e-01
2.4492e-01
6.5667e-01
2.4524e-01
2.4453e-01
4.5980e-01
6.8104e-01
6.6464e-01
4.9668e-01
2.6223e-01
6.2979e-01
2.8359e-01
2.4739e-01
2.4802e-01
3.0452e-01
3.4680e-01
4.2666e-01
4.7604e-01
2.5020e-01
6.1669e-01
6.6647e-01
6.2197e-01
4.1861e-01
6.0869e-01
4.0968e-01
3.7884e-01
2.4461e-01
4.8991e-01
2.4397e-01
3.7040e-01
2.6232e-01
6.5983e-01
6.0474e-01
2.9087e-01
6.0348e-01
5.8106e-01
5.9396e-01
2.5376e-01
2.4409e-01
3.3699e-01
4.5694e-01
2.7767e-01
3.5736e-01
6.4675e-01
5.5342e-01
6.6805e-01
4.2083e-01
2.5116e-01
5.2604e-01
5.0684e-01
6.6596e-01
4.7149e-01
2.7089e-01
6.7663e-01
2.6914e-01
2.7083e-01
6.3316e-01
2.6431e-01
4.5215e-01
2.9658e-01
2.5307e-01
3.0897e-01
5.9384e-01
2.5725e-01
2.7985e-01
6.7550e-01
4.8391e-01
4.7296e-01
3.5590e-01
3.3708e-01
6.3247e-01
6.3669e-01
6.5602e-01
4.7286e-01
6.6294e-01
3.3176e-01
5.8600e-01
2.4470e-01
5.5402e-01
2.9957e-01
5.8624e-01
6.5526e-01
4.6808e-01
6.3762e-01
2.4981e-01
6.2063e-01
5.6202e-01
2.5404e-01
2.4459e-01
2.5039e-01
6.6981e-01
5.9197e-01
6.7568e-01
6.5794e-01
5.8499e-01
5.9449e-01
4.3761e-01
6.5935e-01
5.8645e-01
2.7708e-01
6.7037e-01
2.4922e-01
2.4485e-01
5.7489e-01
6.4755e-01
2.4519e-01
2.4396e-01
5.1035e-01
3.8050e-01
2.4827e-01
3.2127e-01
2.4772e-01
3.6347e-01
2.6280e-01
2.4857e-01
4.0037e-01
5.5376e-01
6.5212e-01
5.9127e-01
6.5102e-01
6.8419e-01
2.4438e-01
3.5884e-01
3.0623e-01
6.5246e-01
5.5476e-01
6.8040e-01
5.8272e-01
2.4525e-01
2.6043e-01
3.0983e-01
2.4545e-01
6.8067e-01
4.2851e-01
2.4912e-01
6.5865e-01
2.7242e-01
2.7816e-01
4.0708e-01
2.4575e-01
4.9229e-01
5.9024e-01
4.2742e-01
2.4733e-01
3.9166e-01
4.1889e-01
4.2528e-01
6.2972e-01
6.4958e-01
6.5649e-01
4.0082e-01
2.6448e-01
2.5523e-01
3.6892e-01
2.4534e-01
5.8090e-01
2.5110e-01
2.5370e-01
2.5058e-01
4.7730e-01
2.4571e-01
4.2438e-01
3.0858e-01
3.2446e-01
2.5059e-01
6.0858e-01
3.6868e-01
2.4450e-01
6.3091e-01
4.0004e-01
6.6234e-01
2.4511e-01
2.5023e-01
6.5878e-01
3.2898e-01
2.8860e-01
2.4638e-01
2.9207e-01
3.4677e-01
6.4846e-01
5.4849e-01
2.5004e-01
6.8595e-01
6.7119e-01
4.0885e-01
2.5269e-01
2.4440e-01
2.4409e-01
2.7389e-01
4.7179e-01
3.0051e-01
3.7238e-01
2.5038e-01
6.3413e-01
6.6234e-01
5.0784e-01
6.8167e-01
3.9721e-01
5.0070e-01
6.5043e-01
6.0064e-01
2.4515e-01
6.8259e-01
2.4690e-01
2.4551e-01
2.8827e-01
3.5239e-01
2.4497e-01
3.4859e-01
6.3873e-01
6.4800e-01
2.5793e-01
3.6602e-01
2.5791e-01
6.6303e-01
6.7499e-01
6.5081e-01
2.7909e-01
2.4651e-01
6.7929e-01
4.6869e-01
2.6728e-01
2.8515e-01
3.1708e-01
6.7857e-01
3.0877e-01
2.5402e-01
2.6397e-01
6.5180e-01
2.7349e-01
2.6506e-01
6.8212e-01
2.6326e-01
5.9199e-01
3.7858e-01
2.4446e-01
6.7711e-01
2.9958e-01
3.6231e-01
4.7181e-01
4.8597e-01
3.5961e-01
2.4447e-01
5.6268e-01
6.1008e-01
2.4624e-01
5.3304e-01
6.8454e-01
2.7609e-01
5.8891e-01
6.7865e-01
6.1113e-01
4.8536e-01
3.4705e-01
5.6513e-01
6.4782e-01
6.4981e-01
5.7790e-01
2.4409e-01
6.4126e-01
3.7089e-01
5.7647e-01
5.7302e-01
6.8276e-01
6.8020e-01
4.0586e-01
5.4389e-01
4.8984e-01
3.0062e-01
2.5154e-01
3.1173e-01
6.6474e-01
4.5187e-01
3.7319e-01
3.1468e-01
2.4436e-01
3.7636e-01
2.4800e-01
3.0003e-01
5.7375e-01
4.5926e-01
5.6368e-01
6.6745e-01
2.8419e-01
2.7960e-01
2.4408e-01
6.8388e-01
5.7939e-01
2.4413e-01
2.4443e-01
5.5930e-01
5.8799e-01
6.0280e-01
3.2982e-01
2.4407e-01
5.2116e-01
6.3527e-01
2.6125e-01
6.7871e-01
3.3800e-01
3.1003e-01
3.3570e-01
6.5625e-01
6.5488e-01
3.0555e-01
6.6860e-01
6.0877e-01
6.6068e-01
6.8133e-01
2.6309e-01
2.8766e-01
2.4476e-01
3.2367e-01
2.4728e-01
3.5125e-01
4.7650e-01
6.0529e-01
4.4413e-01
6.2387e-01
2.4861e-01
2.4410e-01
6.7222e-01
3.2664e-01
6.8047e-01
2.4912e-01
6.1885e-01
2.5214e-01
4.2940e-01
6.4904e-01
6.6800e-01
6.7138e-01
3.1980e-01
6.6019e-01
2.9553e-01
5.2034e-01
6.0098e-01
2.4455e-01
2.5414e-01
4.7495e-01
6.7928e-01
2.8698e-01
2.4981e-01
2.7284e-01
6.7516e-01
4.0497e-01
6.4701e-01
6.0700e-01
6.6696e-01
6.7919e-01
5.7541e-01
2.9037e-01
6.0938e-01
2.5985e-01
5.2759e-01
3.4619e-01
2.4547e-01
2.4760e-01
3.6833e-01
2.7497e-01
6.5309e-01
4.1346e-01
6.8386e-01
4.4845e-01
2.4922e-01
6.6347e-01
2.5488e-01
2.4476e-01
2.4461e-01
5.7192e-01
2.5815e-01
2.4551e-01
2.6256e-01
3.6073e-01
5.4070e-01
2.8330e-01
6.3979e-01
2.5651e-01
2.6278e-01
3.8603e-01
6.4003e-01
6.4340e-01
4.2174e-01
2.4953e-01
6.5961e-01
2.5204e-01
2.4550e-01
3.7600e-01
4.5949e-01
2.4421e-01
5.9279e-01
6.3473e-01
3.3867e-01
4.4754e-01
4.1590e-01
6.4423e-01
6.8447e-01
2.4690e-01
3.2798e-01
3.4883e-01
3.0675e-01
3.4772e-01
2.5778e-01
4.2026e-01
3.2049e-01
6.5187e-01
3.5865e-01
6.5373e-01
3.1698e-01
6.3486e-01
5.2213e-01
5.7357e-01
4.4200e-01
2.4744e-01
2.5849e-01
2.5134e-01
6.8539e-01
2.4787e-01
2.9190e-01
2.4446e-01
6.5339e-01
5.6923e-01
3.0333e-01
2.4472e-01
2.5455e-01
3.6638e-01
3.0558e-01
6.4787e-01
5.7419e-01
2.5030e-01
2.5254e-01
3.8516e-01
4.2385e-01
4.7708e-01
5.4746e-01
6.8453e-01
2.7433e-01
2.4873e-01
2.8013e-01
2.6375e-01
2.4633e-01
5.0256e-01
2.6200e-01
2.7653e-01
2.4439e-01
2.6709e-01
2.4416e-01
2.4596e-01
5.6618e-01
4.6144e-01
2.5588e-01
2.4987e-01
2.5721e-01
2.4415e-01
5.3620e-01
2.5163e-01
2.4685e-01
2.6948e-01
4.2301e-01
2.4727e-01
2.8694e-01
4.6660e-01
3.2073e-01
6.7972e-01
6.5338e-01
3.1826e-01
5.8772e-01
5.0209e-01
6.4445e-01
6.1420e-01
2.4408e-01
2.4409e-01
4.7807e-01
6.2721e-01
2.4536e-01
3.8915e-01
2.4517e-01
5.5923e-01
2.5728e-01
6.6952e-01
2.4455e-01
4.4316e-01
3.3583e-01
2.5303e-01
2.4761e-01
6.7230e-01
5.4130e-01
2.9891e-01
2.8281e-01
5.8496e-01
3.0806e-01
2.4591e-01
2.4535e-01
5.9630e-01
6.6953e-01
6.1921e-01
6.4462e-01
6.7240e-01
6.5205e-01
6.7095e-01
6.7200e-01
6.5651e-01
6.0940e-01
6.3777e-01
5.7030e-01
6.1921e-01
6.6829e-01
4.9657e-01
2.5398e-01
6.7683e-01
6.0237e-01
4.5765e-01
6.6601e-01
3.9906e-01
2.6434e-01
6.8271e-01
3.1768e-01
4.6813e-01
6.1973e-01
2.4854e-01
5.2369e-01
2.8424e-01
6.3720e-01
6.7808e-01
2.4409e-01
2.4464e-01
2.6692e-01
4.2755e-01
2.9921e-01
6.7551e-01
6.5401e-01
6.3927e-01
6.0820e-01
4.9567e-01
6.7982e-01
3.2676e-01
3.7694e-01
4.9712e-01
6.7722e-01
2.4496e-01
6.5176e-01
5.5696e-01
6.8159e-01
2.4673e-01
2.4404e-01
5.7280e-01
6.7916e-01
3.1543e-01
2.6019e-01
2.5401e-01
2.7317e-01
6.1393e-01
2.4954e-01
2.4759e-01
4.9663e-01
5.8587e-01
3.1540e-01
2.9162e-01
5.8432e-01
2.4921e-01
2.6903e-01
6.7201e-01
2.7305e-01
4.3062e-01
3.6379e-01
5.0776e-01
5.5521e-01
2.5670e-01
4.4805e-01
6.6401e-01
6.8278e-01
3.3440e-01
6.7451e-01
2.8025e-01
6.6912e-01
3.3962e-01
3.9729e-01
6.4491e-01
3.2102e-01
6.8215e-01
2.4721e-01
2.6652e-01
3.3228e-01
2.5091e-01
4.0389e-01
6.4624e-01
6.4732e-01
6.6249e-01
4.5776e-01
6.1532e-01
6.3224e-01
6.6299e-01
2.4455e-01
6.0945e-01
2.6579e-01
5.8331e-01
4.3460e-01
3.2269e-01
6.1870e-01
4.8432e-01
2.6177e-01
2.5277e-01
5.8872e-01
4.2547e-01
3.4294e-01
4.7051e-01
3.1208e-01
5.5220e-01
5.9130e-01
4.3103e-01
5.9852e-01
3.2063e-01
6.7711e-01
6.6832e-01
4.1168e-01
2.6989e-01
2.4979e-01
4.5965e-01
2.5519e-01
2.5169e-01
2.4724e-01
4.0979e-01
4.5702e-01
4.7053e-01
4.6003e-01
6.8558e-01
6.8413e-01
6.8214e-01
2.4438e-01
2.4473e-01
6.7150e-01
2.5110e-01
3.3600e-01
3.3014e-01
2.9726e-01
2.4556e-01
3.0064e-01
2.5689e-01
2.5000e-01
5.7153e-01
2.6379e-01
2.6077e-01
4.8315e-01
6.7930e-01
2.6230e-01
6.7388e-01
2.5010e-01
2.4441e-01
2.4616e-01
6.8445e-01
2.4399e-01
2.4397e-01
2.9247e-01
4.4466e-01
3.8962e-01
2.4550e-01
2.6046e-01
2.6039e-01
2.5533e-01
6.6019e-01
3.4950e-01
4.4679e-01
5.3360e-01
6.8592e-01
2.4943e-01
2.5170e-01
6.7464e-01
3.6777e-01
2.7996e-01
2.5679e-01
6.3868e-01
2.4399e-01
2.4394e-01
2.4702e-01
3.1628e-01
4.7860e-01
6.6154e-01
3.4519e-01
3.1701e-01
5.4674e-01
3.0896e-01
2.4778e-01
2.4398e-01
2.9096e-01
5.2958e-01
5.4655e-01
2.5443e-01
4.7923e-01
6.2477e-01
6.3190e-01
2.5020e-01
6.6365e-01
2.4421e-01
2.4413e-01
3.0795e-01
5.2384e-01
3.8251e-01
3.3148e-01
2.8624e-01
4.9823e-01
2.7394e-01
6.5516e-01
4.0090e-01
2.5629e-01
5.6581e-01
6.6702e-01
6.8451e-01
3.3372e-01
4.3311e-01
6.7692e-01
5.6509e-01
2.6956e-01
2.4461e-01
5.1699e-01
6.8545e-01
4.8849e-01
6.2992e-01
2.4831e-01
2.4602e-01
2.4902e-01
6.7307e-01
5.7530e-01
3.2042e-01
6.1371e-01
2.5496e-01
6.5241e-01
6.4850e-01
5.3493e-01
3.6966e-01
2.4853e-01
2.4726e-01
2.4405e-01
6.6892e-01
4.7852e-01
3.6145e-01
4.9232e-01
5.2387e-01
2.9159e-01
2.6875e-01
4.3375e-01
4.4105e-01
2.7896e-01
2.4693e-01
2.4526e-01
2.7080e-01
2.5014e-01
2.5355e-01
5.1293e-01
2.9940e-01
2.4843e-01
6.3174e-01
2.6274e-01
4.5018e-01
2.8432e-01
6.4814e-01
2.4410e-01
6.5423e-01
5.3402e-01
6.1777e-01
4.7929e-01
2.7493e-01
6.6869e-01
2.4423e-01
2.4393e-01
6.3344e-01
6.7424e-01
2.4898e-01
6.0388e-01
4.1713e-01
6.2495e-01
5.9059e-01
6.7780e-01
6.4659e-01
3.1300e-01
6.6826e-01
6.6038e-01
6.5246e-01
2.5504e-01
2.4675e-01
2.7432e-01
6.5127e-01
2.9135e-01
6.7530e-01
6.3713e-01
3.8757e-01
6.8417e-01
3.2338e-01
2.5305e-01
2.7004e-01
3.5171e-01
6.1428e-01
5.2919e-01
3.4034e-01
2.8832e-01
2.5766e-01
2.6125e-01
2.5153e-01
3.6181e-01
4.7844e-01
3.0441e-01
6.6963e-01
6.6217e-01
4.4182e-01
6.2655e-01
2.4716e-01
2.8319e-01
2.6395e-01
6.8522e-01
4.5362e-01
2.4542e-01
2.4584e-01
6.0764e-01
2.6355e-01
2.5167e-01
2.6151e-01
2.5307e-01
5.8432e-01
5.6493e-01
3.2520e-01
4.6367e-01
5.3633e-01
6.2783e-01
2.4846e-01
5.7489e-01
6.7057e-01
2.4717e-01
4.2958e-01
4.9487e-01
3.9134e-01
2.4394e-01
6.8633e-01
6.7746e-01
2.4478e-01
6.7956e-01
6.6032e-01
6.7895e-01
4.3848e-01
4.6126e-01
2.6465e-01
5.6554e-01
6.2888e-01
6.7653e-01
2.4401e-01
2.7407e-01
3.3986e-01
6.5808e-01
2.4481e-01
2.4473e-01
3.8078e-01
2.4441e-01
2.8718e-01
3.5244e-01
3.4993e-01
2.4472e-01
5.0951e-01
2.6211e-01
6.8090e-01
6.7285e-01
6.5989e-01
6.8096e-01
4.9205e-01
5.9467e-01
6.7800e-01
2.6621e-01
2.4435e-01
2.4394e-01
5.0574e-01
3.5103e-01
2.5421e-01
6.8009e-01
4.3018e-01
6.1853e-01
2.4608e-01
2.5923e-01
6.4443e-01
5.9248e-01
6.3841e-01
2.4406e-01
2.4681e-01
6.8086e-01
2.8113e-01
2.8336e-01
2.4404e-01
2.9734e-01
2.4618e-01
6.4778e-01
6.7573e-01
6.7191e-01
4.0987e-01
4.0280e-01
2.4967e-01
5.9193e-01
2.5125e-01
6.8028e-01
2.5676e-01
3.7401e-01
3.4378e-01
6.0641e-01
2.6575e-01
2.8991e-01
5.3622e-01
2.4640e-01
2.7900e-01
4.0280e-01
6.0503e-01
2.4401e-01
2.4630e-01
2.4739e-01
6.8137e-01
4.2238e-01
6.5245e-01
6.4998e-01
3.3849e-01
3.7018e-01
2.6248e-01
6.7481e-01
6.8543e-01
6.5438e-01
6.8435e-01
6.4289e-01
6.1156e-01
2.5506e-01
2.5355e-01
3.0829e-01
3.5679e-01
2.4534e-01
2.9893e-01
5.9425e-01
2.8321e-01
2.4435e-01
2.6247e-01
5.0537e-01
5.2523e-01
4.5675e-01
6.0316e-01
4.8657e-01
4.2783e-01
6.8357e-01
6.7307e-01
5.9317e-01
6.2011e-01
6.7590e-01
2.7299e-01
6.1501e-01
3.0249e-01
2.4474e-01
3.2453e-01
3.4041e-01
2.4691e-01
2.5039e-01
2.5803e-01
5.5502e-01
5.5379e-01
4.5966e-01
4.8469e-01
3.4418e-01
2.4421e-01
6.7572e-01
6.3242e-01
6.3640e-01
2.5924e-01
2.9467e-01
6.8183e-01
5.4619e-01
5.0453e-01
6.2739e-01
5.0141e-01
2.4430e-01
2.4405e-01
2.6392e-01
3.5567e-01
2.6430e-01
5.9009e-01
2.7637e-01
6.0354e-01
6.3613e-01
2.5651e-01
6.4008e-01
5.5312e-01
6.7784e-01
5.8252e-01
2.9150e-01
2.4423e-01
6.8138e-01
6.4455e-01
3.8401e-01
2.6633e-01
6.7240e-01
3.9756e-01
6.6906e-01
6.4431e-01
6.2332e-01
4.9046e-01
2.5278e-01
6.7028e-01
6.1665e-01
6.8026e-01
6.4573e-01
2.4534e-01
2.4996e-01
3.1712e-01
6.8060e-01
2.6123e-01
2.4787e-01
6.7508e-01
3.2009e-01
5.1615e-01
5.4831e-01
4.5782e-01
3.8718e-01
2.7206e-01
2.8872e-01
2.4449e-01
3.4377e-01
4.4509e-01
6.5801e-01
4.0928e-01
2.4624e-01
4.1730e-01
5.6068e-01
4.3244e-01
2.4456e-01
2.4427e-01
6.8291e-01
6.6356e-01
2.6843e-01
2.4727e-01
5.6886e-01
3.1634e-01
2.5256e-01
2.4504e-01
6.6111e-01
3.1937e-01
2.5878e-01
6.6381e-01
6.7904e-01
6.6347e-01
6.8038e-01
5.9730e-01
2.4683e-01
3.2060e-01
3.7591e-01
4.1648e-01
3.2666e-01
3.2473e-01
6.1644e-01
2.9793e-01
2.8928e-01
2.4991e-01
2.4437e-01
6.2238e-01
3.8895e-01
6.7858e-01
4.2245e-01
6.6609e-01
2.4597e-01
6.7519e-01
3.9452e-01
6.7932e-01
5.3732e-01
6.7166e-01
6.7953e-01
4.3097e-01
4.3391e-01
6.3117e-01
5.3611e-01
3.1930e-01
5.4493e-01
2.4891e-01
6.7919e-01
3.0447e-01
6.7926e-01
5.0132e-01
5.7975e-01
4.0640e-01
6.7169e-01
5.8499e-01
6.1799e-01
5.1311e-01
6.7391e-01
6.4975e-01
6.1553e-01
6.2549e-01
6.8037e-01
2.5010e-01
2.6533e-01
6.0853e-01
6.6741e-01
6.5953e-01
3.7574e-01
6.6089e-01
6.6796e-01
5.6379e-01
5.8900e-01
6.8389e-01
6.6175e-01
6.0487e-01
6.7232e-01
5.1590e-01
5.2829e-01
6.7806e-01
2.6114e-01
6.8044e-01
3.4373e-01
4.5519e-01
2.4431e-01
2.4490e-01
2.4966e-01
6.8421e-01
6.7039e-01
6.4995e-01
4.8421e-01
2.8657e-01
3.9807e-01
3.6451e-01
2.6210e-01
2.4726e-01
3.2046e-01
2.5440e-01
6.4761e-01
6.3228e-01
4.2280e-01
2.8604e-01
2.9741e-01
5.4866e-01
2.4404e-01
4.6598e-01
2.4449e-01
6.6128e-01
2.4500e-01
2.5602e-01
2.5377e-01
2.7694e-01
6.8182e-01
2.5464e-01
6.1838e-01
6.7233e-01
6.7307e-01
3.9704e-01
6.6858e-01
6.5978e-01
4.8355e-01
5.3330e-01
4.5178e-01
3.2216e-01
6.7060e-01
2.6460e-01
6.0252e-01
6.7624e-01
6.7771e-01
6.6326e-01
4.4801e-01
2.9590e-01
6.2894e-01
6.2757e-01
4.1203e-01
6.7784e-01
6.7380e-01
2.6811e-01
3.7915e-01
2.5659e-01
2.6099e-01
2.4673e-01
2.4620e-01
6.2200e-01
3.0211e-01
3.1232e-01
2.4490e-01
4.1809e-01
6.6436e-01
6.7746e-01
6.6958e-01
6.7052e-01
6.6461e-01
2.4477e-01
6.6331e-01
4.3533e-01
6.6277e-01
6.0128e-01
2.4782e-01
3.6355e-01
5.8311e-01
2.8423e-01
6.6125e-01
5.9926e-01
6.7760e-01
6.8171e-01
4.9128e-01
3.3470e-01
4.3425e-01
5.2845e-01
6.2634e-01
5.1375e-01
3.6142e-01
2.4660e-01
6.6989e-01
6.7736e-01
6.8386e-01
6.5235e-01
6.1885e-01
6.7804e-01
6.2241e-01
6.7449e-01
5.1881e-01
5.7554e-01
2.4554e-01
2.4396e-01
2.4396e-01
2.4433e-01
2.5010e-01
2.4407e-01
6.6306e-01
5.0473e-01
2.4810e-01
2.9548e-01
2.9473e-01
5.2431e-01
6.8150e-01
2.4410e-01
2.4399e-01
5.2534e-01
2.4543e-01
4.0917e-01
3.5773e-01
6.6263e-01
4.5037e-01
6.0125e-01
4.3317e-01
2.4759e-01
6.2541e-01
6.8381e-01
6.8476e-01
6.8166e-01
5.9004e-01
6.8078e-01
6.6754e-01
6.8038e-01
6.7461e-01
5.8728e-01
2.5712e-01
5.3912e-01
6.7888e-01
2.4951e-01
4.5048e-01
4.6142e-01
2.9102e-01
2.4617e-01
4.5029e-01
2.4651e-01
6.4735e-01
2.8221e-01
2.4501e-01
5.8237e-01
2.5671e-01
3.1886e-01
2.4647e-01
2.7496e-01
2.9547e-01
2.7457e-01
6.4227e-01
3.8269e-01
6.7577e-01
6.5661e-01
6.8303e-01
6.8157e-01
6.1529e-01
6.7832e-01
3.5719e-01
6.8077e-01
6.8131e-01
6.4843e-01
2.4980e-01
2.4473e-01
6.7562e-01
6.8339e-01
3.3557e-01
6.7727e-01
6.8396e-01
2.5990e-01
2.4433e-01
4.1295e-01
5.9373e-01
5.2427e-01
6.6819e-01
2.4941e-01
6.4785e-01
3.0434e-01
6.7515e-01
3.4901e-01
6.7426e-01
4.5538e-01
6.4066e-01
4.6622e-01
5.4047e-01
6.7141e-01
6.4977e-01
6.7839e-01
2.5845e-01
2.6523e-01
6.7924e-01
4.3637e-01
5.4753e-01
6.8222e-01
6.8153e-01
3.4527e-01
6.4624e-01
5.9080e-01
6.7938e-01
2.4415e-01
6.4013e-01
6.2228e-01
2.4418e-01
2.4546e-01
2.6568e-01
6.0648e-01
6.0180e-01
5.6917e-01
2.4423e-01
2.9498e-01
2.6235e-01
6.7289e-01
6.7081e-01
2.6526e-01
6.8302e-01
6.6613e-01
4.4826e-01
5.9438e-01
2.9194e-01
5.7642e-01
2.8423e-01
6.7990e-01
6.6639e-01
6.8143e-01
3.6309e-01
6.8219e-01
2.5055e-01
6.8323e-01
5.9355e-01
6.4732e-01
4.4792e-01
3.7957e-01
4.7474e-01
3.0336e-01
6.6397e-01
2.6059e-01
2.6644e-01
5.8959e-01
4.8079e-01
2.6014e-01
4.2047e-01
6.6285e-01
6.7751e-01
6.5600e-01
3.7255e-01
3.3300e-01
6.5534e-01
2.4779e-01
6.1967e-01
4.4442e-01
5.3472e-01
2.7311e-01
6.7995e-01
2.8657e-01
4.0152e-01
6.8315e-01
6.2840e-01
6.2502e-01
5.8464e-01
2.4446e-01
5.8332e-01
6.7027e-01
6.6969e-01
2.6767e-01
6.1021e-01
2.6556e-01
6.0209e-01
6.3808e-01
3.6343e-01
2.5176e-01
2.5447e-01
6.2950e-01
2.5649e-01
6.8101e-01
5.0525e-01
6.8198e-01
5.4189e-01
5.7827e-01
6.4189e-01
5.8287e-01
6.8593e-01
6.6235e-01
6.8074e-01
6.8394e-01
6.7505e-01
5.9480e-01
2.4956e-01
5.7090e-01
6.8368e-01
6.7994e-01
6.7914e-01
6.2366e-01
6.8582e-01
2.6849e-01
2.7419e-01
2.4894e-01
6.6444e-01
6.5723e-01
3.3883e-01
5.2346e-01
2.6668e-01
6.3148e-01
6.3830e-01
6.5502e-01
5.1428e-01
2.5466e-01
2.5488e-01
6.7892e-01
6.8498e-01
6.3248e-01
2.4435e-01
2.4493e-01
6.8090e-01
6.8182e-01
2.4800e-01
2.9776e-01
2.5959e-01
2.5072e-01
2.8284e-01
2.9081e-01
4.2555e-01
2.7158e-01
6.8130e-01
3.9795e-01
5.6089e-01
3.2463e-01
6.7673e-01
5.2758e-01
2.5860e-01
2.8161e-01
6.6917e-01
6.7492e-01
2.5339e-01
2.6055e-01
4.2283e-01
2.6593e-01
6.7855e-01
6.5746e-01
6.8066e-01
5.7437e-01
2.4410e-01
6.8147e-01
6.8081e-01
2.8962e-01
6.7071e-01
2.5915e-01
3.6735e-01
4.0132e-01
5.0082e-01
2.5422e-01
2.4946e-01
2.5042e-01
6.7939e-01
2.4528e-01
2.5929e-01
2.4413e-01
2.6057e-01
6.6878e-01
6.3159e-01
6.7522e-01
6.5425e-01
6.7978e-01
4.6907e-01
2.4457e-01
2.4497e-01
5.5581e-01
2.6319e-01
2.9320e-01
5.8070e-01
6.5735e-01
5.2115e-01
5.9690e-01
5.8201e-01
6.7479e-01
6.7825e-01
4.4741e-01
6.0268e-01
4.0359e-01
6.5896e-01
6.5602e-01
3.8492e-01
6.7894e-01
6.8059e-01
6.8360e-01
2.9127e-01
2.4923e-01
2.4557e-01
4.6990e-01
6.7100e-01
2.4406e-01
3.7172e-01
2.4409e-01
6.6372e-01
2.5014e-01
2.6966e-01
2.5682e-01
6.4327e-01
2.5372e-01
6.4928e-01
6.1695e-01
6.7248e-01
4.9959e-01
2.4594e-01
6.6621e-01
4.3818e-01
3.2665e-01
3.1193e-01
2.4477e-01
6.7617e-01
6.1253e-01
3.3257e-01
3.3662e-01
6.3784e-01
6.8005e-01
3.8313e-01
6.5493e-01
4.7645e-01
4.9638e-01
6.7815e-01
6.3476e-01
6.7976e-01
6.5009e-01
2.4555e-01
4.7535e-01
4.8895e-01
4.1213e-01
6.5150e-01
6.7436e-01
6.7491e-01
6.8206e-01
2.5608e-01
3.3032e-01
3.0486e-01
2.4954e-01
6.3838e-01
5.3900e-01
6.7825e-01
4.6271e-01
6.6532e-01
6.7859e-01
3.4353e-01
2.4401e-01
6.8259e-01
6.8298e-01
4.1964e-01
6.8277e-01
6.7934e-01
3.2648e-01
2.8061e-01
2.7152e-01
2.4833e-01
2.5340e-01
6.7947e-01
2.4407e-01
6.7977e-01
3.4838e-01
2.6720e-01
5.2283e-01
5.0571e-01
6.1997e-01
2.8918e-01
3.5049e-01
5.3960e-01
6.7909e-01
6.4081e-01
6.6995e-01
6.8191e-01
6.8133e-01
6.7588e-01
6.8197e-01
5.2813e-01
3.5265e-01
5.6226e-01
6.7175e-01
6.6564e-01
6.0795e-01
6.5579e-01
2.4411e-01
2.6238e-01
5.9183e-01
3.6110e-01
4.3761e-01
6.7504e-01
5.7407e-01
3.8980e-01
2.7506e-01
3.5481e-01
5.2395e-01
2.6663e-01
4.5087e-01
5.3407e-01
2.4423e-01
4.3492e-01
6.8043e-01
2.5164e-01
2.6611e-01
2.4443e-01
6.5737e-01
6.8324e-01
2.4428e-01
2.4819e-01
6.7266e-01
6.8131e-01
3.3261e-01
5.3156e-01
4.9900e-01
4.7689e-01
5.9636e-01
2.4536e-01
5.4908e-01
6.2493e-01
6.7719e-01
3.1084e-01
5.3892e-01
6.7777e-01
2.8589e-01
4.4162e-01
5.2088e-01
2.4436e-01
4.4943e-01
2.4693e-01
2.4536e-01
4.1126e-01
6.7750e-01
6.3480e-01
6.7979e-01
2.4778e-01
4.9152e-01
2.6275e-01
2.4409e-01
6.7945e-01
5.8661e-01
2.4643e-01
6.8406e-01
6.8000e-01
2.4482e-01
6.8030e-01
6.8008e-01
6.7591e-01
6.7487e-01
5.8329e-01
5.2416e-01
2.4810e-01
6.3846e-01
6.7293e-01
6.7902e-01
6.7037e-01
6.7324e-01
6.7359e-01
6.8100e-01
2.7092e-01
6.5186e-01
3.0801e-01
6.7625e-01
6.7386e-01
4.4883e-01
4.4146e-01
4.4075e-01
6.8037e-01
6.7782e-01
5.6015e-01
5.6054e-01
5.0049e-01
6.7868e-01
3.8292e-01
5.9529e-01
2.4748e-01
2.5220e-01
6.7249e-01
2.4479e-01
3.9537e-01
2.5838e-01
2.9777e-01
2.5993e-01
4.4964e-01
3.9757e-01
3.3277e-01
4.8337e-01
2.6479e-01
5.1970e-01
5.5980e-01
5.6089e-01
2.4756e-01
2.4418e-01
6.7661e-01
3.4524e-01
6.4888e-01
5.5726e-01
6.3628e-01
5.8320e-01
6.6582e-01
2.5193e-01
3.5667e-01
4.6292e-01
6.7007e-01
6.6819e-01
6.7768e-01
2.4918e-01
2.5469e-01
3.4258e-01
3.0043e-01
5.1861e-01
6.4194e-01
4.9995e-01
2.6179e-01
6.3188e-01
6.3270e-01
6.5192e-01
6.8327e-01
6.8273e-01
6.3775e-01
4.1958e-01
2.8688e-01
2.4993e-01
6.6757e-01
4.6347e-01
6.7982e-01
6.8098e-01
5.6793e-01
3.1324e-01
3.0837e-01
6.7898e-01
3.3516e-01
6.7255e-01
4.2170e-01
2.4590e-01
6.2504e-01
6.3958e-01
2.6912e-01
3.3178e-01
2.5018e-01
2.5022e-01
2.4449e-01
6.8421e-01
6.6701e-01
6.5839e-01
6.5755e-01
6.6235e-01
6.8214e-01
6.8056e-01
6.8210e-01
4.9212e-01
2.8998e-01
2.5966e-01
2.4842e-01
4.3386e-01
3.0548e-01
5.4640e-01
4.5355e-01
2.4397e-01
3.7175e-01
6.5466e-01
6.8016e-01
4.3038e-01
4.7399e-01
2.5169e-01
2.6127e-01
5.0489e-01
5.9534e-01
6.8509e-01
6.7413e-01
5.5109e-01
3.6258e-01
5.9035e-01
4.8473e-01
2.5199e-01
2.5397e-01
2.5978e-01
2.4947e-01
6.2431e-01
6.2912e-01
6.7333e-01
6.5963e-01
5.0434e-01
4.7683e-01
6.4535e-01
6.7588e-01
3.5828e-01
2.4520e-01
2.4428e-01
6.4757e-01
6.0337e-01
6.0828e-01
6.8575e-01
2.4396e-01
6.6232e-01
6.8336e-01
5.0649e-01
6.8204e-01
6.7069e-01
6.8042e-01
2.4491e-01
2.4590e-01
6.7727e-01
6.6277e-01
6.1354e-01
6.7685e-01
5.1550e-01
3.5725e-01
5.1551e-01
3.1336e-01
3.2969e-01
6.8195e-01
5.2020e-01
4.6480e-01
6.5699e-01
6.7944e-01
6.6023e-01
3.2722e-01
2.4404e-01
2.4417e-01
5.5159e-01
2.7823e-01
2.4653e-01
6.7918e-01
6.1583e-01
4.5212e-01
3.7365e-01
4.0180e-01
2.5196e-01
6.4315e-01
6.7743e-01
4.8318e-01
2.4513e-01
6.8395e-01
6.7407e-01
6.7895e-01
3.3743e-01
6.0075e-01
2.5602e-01
2.6442e-01
4.4802e-01
6.8406e-01
2.6312e-01
6.0080e-01
2.9988e-01
2.4711e-01
2.5143e-01
2.5135e-01
2.4615e-01
2.7747e-01
6.6106e-01
3.1079e-01
6.1628e-01
6.0112e-01
5.6543e-01
5.4648e-01
6.4075e-01
6.8438e-01
6.7805e-01
2.4511e-01
4.1154e-01
6.8360e-01
6.7290e-01
6.7066e-01
6.8544e-01
6.5251e-01
3.2081e-01
2.5830e-01
2.4456e-01
5.3482e-01
2.8029e-01
6.8044e-01
2.7835e-01
2.8883e-01
2.4631e-01
6.2927e-01
6.8341e-01
2.4440e-01
2.5527e-01
2.4517e-01
6.7115e-01
6.7885e-01
6.7296e-01
2.8282e-01
2.7002e-01
6.5086e-01
6.3928e-01
6.8010e-01
6.3700e-01
6.6084e-01
2.4418e-01
5.2384e-01
4.2862e-01
2.4432e-01
2.5275e-01
4.8312e-01
2.7267e-01
6.5164e-01
2.4740e-01
6.6017e-01
4.1871e-01
2.5341e-01
2.4879e-01
2.4581e-01
2.4424e-01
2.9472e-01
2.5304e-01
4.8575e-01
2.4623e-01
5.8457e-01
2.4446e-01
6.0474e-01
4.2502e-01
2.6456e-01
2.4485e-01
2.4518e-01
6.8306e-01
3.5724e-01
6.8604e-01
6.7980e-01
2.4692e-01
2.5074e-01
2.7659e-01
5.8423e-01
6.3331e-01
3.3143e-01
6.3680e-01
6.6369e-01
6.7452e-01
6.2849e-01
5.1662e-01
5.5618e-01
5.5681e-01
2.4440e-01
2.6102e-01
2.5535e-01
6.7957e-01
6.7967e-01
4.1512e-01
4.7192e-01
3.2106e-01
6.7889e-01
2.5793e-01
6.6400e-01
6.8178e-01
6.7138e-01
6.2674e-01
5.9872e-01
4.6777e-01
4.7949e-01
6.5833e-01
6.4506e-01
2.9658e-01
6.6660e-01
3.0245e-01
6.5368e-01
2.4412e-01
2.4398e-01
2.4712e-01
6.7749e-01
6.8122e-01
3.1464e-01
6.8133e-01
3.1527e-01
3.8076e-01
2.9486e-01
6.5795e-01
4.9155e-01
2.7165e-01
2.4822e-01
6.8356e-01
6.8347e-01
3.0101e-01
6.8180e-01
6.8197e-01
6.4076e-01
2.5153e-01
2.5519e-01
4.3017e-01
3.4350e-01
2.4533e-01
2.4667e-01
6.0156e-01
6.3088e-01
2.7075e-01
4.2575e-01
6.6714e-01
2.5186e-01
5.3174e-01
3.9355e-01
2.4759e-01
5.6225e-01
2.4423e-01
3.3109e-01
3.0228e-01
2.5587e-01
6.6364e-01
6.7691e-01
4.6794e-01
5.3480e-01
6.1017e-01
5.4474e-01
4.1430e-01
5.2738e-01
6.6900e-01
3.8556e-01
2.6981e-01
4.5881e-01
6.8075e-01
6.7371e-01
6.5620e-01
6.5831e-01
2.5055e-01
5.5712e-01
2.6278e-01
2.4410e-01
2.4459e-01
2.5297e-01
6.0386e-01
4.7274e-01
2.4733e-01
5.1067e-01
3.7545e-01
2.5549e-01
2.4896e-01
6.3243e-01
6.0166e-01
2.4535e-01
2.4488e-01
2.4439e-01
3.9606e-01
4.0679e-01
2.4506e-01
3.1762e-01
2.4671e-01
2.4404e-01
6.3969e-01
6.3277e-01
2.7185e-01
6.8447e-01
5.7508e-01
2.5646e-01
4.1434e-01
5.6281e-01
4.5380e-01
6.7873e-01
2.4513e-01
3.4173e-01
6.1554e-01
6.7225e-01
6.7715e-01
6.1046e-01
5.7921e-01
4.4230e-01
6.8213e-01
2.4456e-01
2.4806e-01
4.9071e-01
3.0833e-01
3.1907e-01
6.7411e-01
5.1601e-01
2.7989e-01
6.0971e-01
6.7895e-01
2.7562e-01
2.4526e-01
5.7859e-01
2.6549e-01
2.5644e-01
6.4188e-01
2.4551e-01
4.1442e-01
6.5748e-01
6.5981e-01
6.7954e-01
6.0041e-01
2.4980e-01
2.5048e-01
5.8857e-01
2.7060e-01
2.4469e-01
2.6632e-01
2.4410e-01
2.4559e-01
4.4393e-01
6.8137e-01
6.7193e-01
6.8072e-01
2.4425e-01
2.4396e-01
6.8414e-01
6.1125e-01
3.3593e-01
2.4494e-01
6.8124e-01
2.8639e-01
6.5025e-01
3.2504e-01
6.8323e-01
3.6549e-01
6.4419e-01
6.5299e-01
3.6404e-01
4.1372e-01
3.1401e-01
4.2947e-01
2.5941e-01
6.8230e-01
6.8222e-01
5.1706e-01
2.4945e-01
3.5683e-01
2.4435e-01
5.1075e-01
2.5926e-01
6.7760e-01
6.5237e-01
5.5519e-01
6.8531e-01
2.4578e-01
2.4708e-01
4.8200e-01
3.9751e-01
6.6304e-01
6.7864e-01
5.1855e-01
2.9614e-01
3.0159e-01
2.5473e-01
2.5480e-01
5.9478e-01
6.5596e-01
4.5800e-01
5.7232e-01
3.2583e-01
4.9551e-01
6.7770e-01
2.6537e-01
2.4404e-01
6.4859e-01
6.7790e-01
6.7884e-01
2.9342e-01
2.4690e-01
6.6953e-01
6.0410e-01
4.9864e-01
2.6182e-01
6.7539e-01
6.5615e-01
2.5598e-01
6.7742e-01
2.8917e-01
2.4607e-01
2.4857e-01
6.6200e-01
2.4562e-01
2.6335e-01
2.5602e-01
2.8409e-01
3.6436e-01
2.7024e-01
6.1124e-01
2.4759e-01
2.5219e-01
2.4486e-01
2.4542e-01
6.8334e-01
6.7951e-01
2.4550e-01
6.7489e-01
6.5377e-01
6.5931e-01
6.1418e-01
3.5759e-01
2.4957e-01
6.8217e-01
6.2749e-01
6.5446e-01
6.8509e-01
6.6929e-01
5.6911e-01
3.8116e-01
2.5109e-01
2.4512e-01
2.4393e-01
3.0306e-01
3.8118e-01
4.7794e-01
2.4450e-01
3.2367e-01
2.5829e-01
2.8201e-01
6.7668e-01
5.8541e-01
2.5244e-01
6.7405e-01
2.5239e-01
2.4536e-01
2.7025e-01
3.9685e-01
2.4584e-01
6.8080e-01
2.7465e-01
2.4469e-01
6.6654e-01
6.2838e-01
5.9878e-01
2.5765e-01
2.4799e-01
2.4518e-01
6.7251e-01
6.1287e-01
2.4403e-01
6.1490e-01
2.5148e-01
6.1480e-01
6.7808e-01
2.4406e-01
5.5130e-01
5.4412e-01
2.4502e-01
2.4614e-01
6.7259e-01
2.4452e-01
6.6290e-01
6.6585e-01
5.6649e-01
5.3943e-01
2.5141e-01
4.7771e-01
2.4585e-01
5.5922e-01
2.4557e-01
2.5639e-01
2.8170e-01
6.7766e-01
2.4413e-01
4.6225e-01
2.5868e-01
2.5120e-01
2.5237e-01
6.5626e-01
6.8254e-01
2.4525e-01
3.3603e-01
6.7035e-01
5.6584e-01
2.8147e-01
6.0397e-01
2.8943e-01
2.4935e-01
3.7912e-01
2.4432e-01
3.0263e-01
6.3399e-01
2.4745e-01
6.1205e-01
2.6318e-01
3.2792e-01
2.4829e-01
6.1984e-01
4.1040e-01
2.7154e-01
6.3728e-01
2.5391e-01
2.9825e-01
2.8001e-01
6.4829e-01
6.0297e-01
2.7101e-01
6.1341e-01
2.4394e-01
6.5378e-01
2.9106e-01
6.7955e-01
2.7009e-01
2.7818e-01
2.4793e-01
4.0411e-01
2.7144e-01
6.7481e-01
3.9322e-01
2.4630e-01
3.0266e-01
2.4654e-01
2.4396e-01
2.4393e-01
6.6791e-01
3.3728e-01
2.4960e-01
2.6417e-01
2.4540e-01
5.9193e-01
2.8114e-01
6.5218e-01
4.3255e-01
3.8231e-01
2.8405e-01
3.6469e-01
6.3254e-01
6.8385e-01
2.5519e-01
5.2076e-01
2.5471e-01
2.4699e-01
2.7711e-01
2.4679e-01
2.8691e-01
6.2684e-01
2.8401e-01
2.4405e-01
2.4522e-01
5.8935e-01
5.3957e-01
6.7240e-01
4.0088e-01
6.7948e-01
3.0080e-01
3.0386e-01
6.4872e-01
4.1799e-01
3.9658e-01
6.4340e-01
2.5946e-01
2.4619e-01
2.4790e-01
2.4494e-01
3.5479e-01
2.4958e-01
5.1665e-01
6.6694e-01
6.6586e-01
5.4585e-01
6.5146e-01
2.4713e-01
6.8136e-01
6.8427e-01
3.2165e-01
2.4467e-01
6.7856e-01
6.5845e-01
2.5879e-01
2.7264e-01
2.8537e-01
6.7218e-01
5.3878e-01
3.4509e-01
6.4316e-01
6.5520e-01
6.7567e-01
5.0317e-01
6.5536e-01
6.8143e-01
4.0893e-01
5.4782e-01
6.4976e-01
6.1293e-01
6.1208e-01
6.7851e-01
2.7775e-01
2.6464e-01
6.2963e-01
2.6333e-01
6.2963e-01
3.2192e-01
6.0549e-01
2.4438e-01
6.1356e-01
4.2755e-01
2.4630e-01
6.1195e-01
6.6018e-01
2.4485e-01
6.8427e-01
2.8848e-01
6.8318e-01
6.8104e-01
6.6160e-01
2.5201e-01
2.4400e-01
6.7423e-01
6.7909e-01
2.7992e-01
4.0642e-01
6.6557e-01
6.7595e-01
5.2069e-01
3.7249e-01
6.7122e-01
4.3892e-01
5.8804e-01
6.2171e-01
2.5282e-01
2.5183e-01
3.1904e-01
5.6803e-01
6.7359e-01
3.5569e-01
2.4421e-01
2.4442e-01
6.6531e-01
3.1253e-01
2.4565e-01
6.8202e-01
4.4683e-01
2.4398e-01
2.6828e-01
4.5679e-01
5.6952e-01
6.4854e-01
2.7070e-01
2.4437e-01
2.9514e-01
3.0141e-01
4.6178e-01
2.6157e-01
2.4425e-01
6.0535e-01
2.4623e-01
2.4417e-01
6.7956e-01
4.6597e-01
6.3496e-01
5.7890e-01
2.9248e-01
3.8742e-01
2.6664e-01
2.4981e-01
5.5240e-01
4.9605e-01
3.9146e-01
5.7815e-01
2.7785e-01
6.7981e-01
2.4436e-01
6.7529e-01
6.7933e-01
2.5793e-01
2.7173e-01
5.3530e-01
2.4534e-01
2.5962e-01
4.1669e-01
2.4529e-01
5.6003e-01
6.8576e-01
6.2312e-01
4.0295e-01
4.6342e-01
3.2200e-01
4.2421e-01
6.6435e-01
6.6528e-01
5.7196e-01
5.8911e-01
2.9084e-01
3.5960e-01
6.6448e-01
6.1419e-01
2.7214e-01
3.2855e-01
4.9692e-01
6.2294e-01
2.4681e-01
6.7024e-01
6.8171e-01
6.7759e-01
6.1972e-01
6.5621e-01
4.4840e-01
5.9577e-01
4.2100e-01
2.4907e-01
6.0369e-01
6.7902e-01
6.7864e-01
6.7736e-01
5.3496e-01
6.8152e-01
6.2354e-01
2.4573e-01
6.1739e-01
2.6196e-01
5.0522e-01
5.3586e-01
2.5837e-01
2.7100e-01
6.4644e-01
6.4895e-01
2.4452e-01
6.7968e-01
2.4502e-01
2.4416e-01
4.2549e-01
2.5677e-01
4.9516e-01
6.7920e-01
2.4784e-01
2.4657e-01
6.3971e-01
5.3652e-01
2.4701e-01
4.7728e-01
2.5614e-01
4.6270e-01
3.9322e-01
3.4844e-01
5.4942e-01
6.6553e-01
5.6661e-01
5.5224e-01
2.9349e-01
4.9851e-01
4.3386e-01
5.7103e-01
5.7484e-01
2.5773e-01
3.0063e-01
4.9610e-01
5.7522e-01
2.4399e-01
2.4410e-01
2.4575e-01
2.9560e-01
2.4410e-01
6.0377e-01
5.4095e-01
3.5742e-01
2.7728e-01
2.6600e-01
2.8066e-01
2.4941e-01
2.9237e-01
4.9643e-01
2.4434e-01
2.5036e-01
2.4415e-01
6.0996e-01
2.5920e-01
5.0471e-01
3.4185e-01
4.0825e-01
6.7197e-01
6.3110e-01
2.5238e-01
2.5283e-01
2.6602e-01
6.3012e-01
2.4408e-01
2.5120e-01
2.7857e-01
6.6318e-01
6.7653e-01
2.5489e-01
6.8506e-01
2.4396e-01
6.7540e-01
3.3939e-01
4.1342e-01
6.8084e-01
2.8573e-01
5.4693e-01
5.0345e-01
4.9508e-01
6.4113e-01
6.5967e-01
6.7182e-01
6.8201e-01
6.8216e-01
2.4411e-01
3.9771e-01
2.4542e-01
4.5517e-01
3.9082e-01
2.4977e-01
2.5590e-01
3.7625e-01
6.1367e-01
6.1914e-01
6.7715e-01
5.7107e-01
3.9654e-01
6.8128e-01
6.7622e-01
2.5511e-01
2.5176e-01
3.6422e-01
4.3285e-01
3.6435e-01
5.5216e-01
6.7810e-01
5.4477e-01
2.9958e-01
2.5285e-01
5.4663e-01
2.4756e-01
2.5983e-01
4.4144e-01
2.6060e-01
5.9146e-01
3.2232e-01
6.2513e-01
3.4812e-01
3.5983e-01
2.4682e-01
4.0787e-01
6.7582e-01
6.5102e-01
2.9091e-01
2.4665e-01
2.4403e-01
2.4763e-01
3.7805e-01
5.7985e-01
6.5862e-01
6.2951e-01
2.4560e-01
2.6670e-01
6.5834e-01
6.7468e-01
2.4493e-01
2.6981e-01
4.6609e-01
2.9767e-01
3.0896e-01
2.4813e-01
6.8567e-01
4.2161e-01
2.4553e-01
6.6928e-01
6.4680e-01
6.7956e-01
6.3358e-01
6.7056e-01
6.6582e-01
3.6541e-01
4.5323e-01
4.7376e-01
6.8136e-01
2.5458e-01
3.8529e-01
3.3185e-01
6.0131e-01
5.7725e-01
2.5476e-01
2.4486e-01
6.7326e-01
5.6923e-01
5.4840e-01
5.6903e-01
6.8500e-01
5.5283e-01
6.6603e-01
6.1505e-01
2.8485e-01
2.7749e-01
6.1023e-01
6.8170e-01
2.4646e-01
2.4895e-01
2.5324e-01
2.5062e-01
2.4653e-01
2.7757e-01
6.7544e-01
4.7655e-01
4.4819e-01
3.5704e-01
5.9261e-01
2.4569e-01
6.7201e-01
6.6635e-01
2.4454e-01
3.4746e-01
6.5479e-01
2.8374e-01
6.8112e-01
3.1438e-01
3.7872e-01
6.2975e-01
4.7302e-01
6.6374e-01
3.7535e-01
5.6939e-01
3.4198e-01
2.5524e-01
6.5332e-01
2.5001e-01
5.7311e-01
2.4976e-01
3.6026e-01
3.7675e-01
6.6388e-01
6.7510e-01
6.7870e-01
2.6065e-01
3.5468e-01
2.7006e-01
5.1225e-01
6.1646e-01
2.4633e-01
2.9431e-01
2.4401e-01
2.7477e-01
6.7425e-01
2.5166e-01
2.4395e-01
2.4952e-01
2.9274e-01
2.6526e-01
5.8266e-01
2.7593e-01
4.4736e-01
2.4936e-01
2.5233e-01
2.9542e-01
2.6023e-01
6.4708e-01
6.7269e-01
5.3357e-01
4.4327e-01
6.6847e-01
3.8743e-01
2.4506e-01
6.6640e-01
4.7187e-01
5.9629e-01
5.3257e-01
6.7366e-01
5.9775e-01
2.5964e-01
2.8901e-01
6.5005e-01
2.6220e-01
4.4638e-01
2.4475e-01
6.2316e-01
6.3677e-01
2.5097e-01
2.5407e-01
2.5921e-01
3.2081e-01
6.4898e-01
3.0353e-01
4.0064e-01
6.3422e-01
2.5298e-01
2.9437e-01
6.8178e-01
2.4793e-01
3.8634e-01
2.9719e-01
6.5587e-01
3.1843e-01
2.7165e-01
3.4507e-01
6.6917e-01
6.1676e-01
6.0860e-01
5.8335e-01
6.1702e-01
3.5196e-01
6.4602e-01
2.7175e-01
6.7197e-01
5.2011e-01
6.7439e-01
4.9360e-01
5.8440e-01
6.7913e-01
5.1329e-01
4.2678e-01
2.6606e-01
2.5071e-01
2.6956e-01
6.3066e-01
6.7690e-01
6.7554e-01
3.8030e-01
3.6012e-01
6.6714e-01
6.8322e-01
6.8575e-01
6.5193e-01
6.8319e-01
5.1550e-01
4.9341e-01
2.6067e-01
2.4544e-01
2.4645e-01
3.3211e-01
6.6200e-01
4.6717e-01
4.5954e-01
6.5216e-01
6.0704e-01
3.0827e-01
5.3354e-01
3.3836e-01
6.4420e-01
2.5478e-01
2.9986e-01
6.7923e-01
3.1008e-01
2.5166e-01
2.4767e-01
6.3780e-01
5.1858e-01
6.1117e-01
2.4744e-01
2.9071e-01
6.8295e-01
5.3240e-01
2.8457e-01
2.8504e-01
2.6120e-01
6.4922e-01
6.8007e-01
2.9955e-01
6.0805e-01
4.4122e-01
2.4706e-01
2.9973e-01
2.5884e-01
4.3296e-01
6.4587e-01
6.4660e-01
6.8102e-01
5.9888e-01
6.8036e-01
2.7731e-01
6.5177e-01
2.4639e-01
4.7178e-01
5.3682e-01
6.7775e-01
3.0180e-01
6.7896e-01
2.4425e-01
3.4421e-01
6.3754e-01
6.5944e-01
6.3304e-01
3.1160e-01
6.0640e-01
6.6254e-01
2.7023e-01
4.5005e-01
5.5688e-01
5.5177e-01
2.7355e-01
2.6275e-01
5.5482e-01
3.6461e-01
2.4554e-01
5.3561e-01
6.8136e-01
2.4813e-01
6.8295e-01
6.8383e-01
2.5359e-01
2.7210e-01
2.7397e-01
6.5372e-01
3.1699e-01
2.6033e-01
2.6176e-01
2.8004e-01
3.2472e-01
2.6885e-01
4.4017e-01
2.4541e-01
2.4709e-01
6.5963e-01
2.6239e-01
2.4736e-01
2.4491e-01
4.3575e-01
3.3266e-01
2.6370e-01
2.9326e-01
6.1231e-01
2.4963e-01
4.8879e-01
6.1179e-01
3.3951e-01
6.7143e-01
6.2028e-01
6.7708e-01
2.4393e-01
4.4732e-01
2.4687e-01
6.5470e-01
6.2311e-01
2.5150e-01
6.5250e-01
4.3135e-01
2.8850e-01
6.8055e-01
4.5395e-01
2.5735e-01
2.6381e-01
2.4537e-01
2.5499e-01
2.4635e-01
2.4404e-01
2.6550e-01
2.5038e-01
2.4865e-01
3.2480e-01
6.7031e-01
6.7925e-01
4.3023e-01
2.6867e-01
6.7627e-01
2.4679e-01
2.6092e-01
2.4670e-01
2.7215e-01
4.1195e-01
2.4577e-01
2.5245e-01
6.5184e-01
4.3419e-01
5.2081e-01
4.0477e-01
4.6657e-01
2.4931e-01
2.4489e-01
5.0871e-01
6.1562e-01
2.4561e-01
2.5573e-01
4.4572e-01
2.6757e-01
4.9070e-01
2.7040e-01
6.7709e-01
2.7706e-01
2.5010e-01
2.6104e-01
6.8269e-01
6.0749e-01
2.5423e-01
4.9289e-01
5.9825e-01
5.2534e-01
6.7681e-01
3.9829e-01
2.4482e-01
2.4877e-01
5.2654e-01
6.8069e-01
2.4432e-01
6.7980e-01
2.5763e-01
2.4429e-01
2.5067e-01
5.1987e-01
2.9670e-01
4.7735e-01
6.6478e-01
6.7058e-01
3.4844e-01
6.8431e-01
2.5590e-01
6.8619e-01
2.4571e-01
2.4576e-01
2.6808e-01
6.5249e-01
2.4529e-01
4.7121e-01
2.8624e-01
6.5788e-01
6.6210e-01
6.7789e-01
2.4429e-01
4.9457e-01
3.4474e-01
2.6756e-01
5.9054e-01
6.1897e-01
2.4403e-01
6.6050e-01
5.3387e-01
2.4890e-01
2.5074e-01
3.7220e-01
2.6811e-01
2.6607e-01
6.7951e-01
2.4912e-01
2.7323e-01
2.4567e-01
2.4900e-01
2.6018e-01
2.5341e-01
6.7121e-01
6.8002e-01
5.4730e-01
2.8198e-01
6.1333e-01
4.4172e-01
6.6837e-01
3.0412e-01
6.3828e-01
6.4458e-01
2.4416e-01
3.0578e-01
6.8231e-01
2.4514e-01
3.3880e-01
5.3354e-01
2.6763e-01
4.7228e-01
2.6108e-01
2.6518e-01
2.5041e-01
2.4440e-01
4.6496e-01
5.8659e-01
4.7632e-01
6.7547e-01
2.6083e-01
2.7960e-01
6.7664e-01
5.2631e-01
2.4513e-01
2.4536e-01
3.4100e-01
2.5022e-01
5.3829e-01
2.9854e-01
2.8486e-01
2.5540e-01
2.8773e-01
2.6595e-01
2.8325e-01
6.3897e-01
3.0885e-01
4.3127e-01
2.4432e-01
2.4435e-01
2.4413e-01
2.4410e-01
2.4561e-01
2.4394e-01
2.4394e-01
6.0108e-01
2.8793e-01
6.0488e-01
4.7537e-01
2.6179e-01
2.7734e-01
3.5460e-01
3.8955e-01
6.5687e-01
3.1084e-01
2.4670e-01
2.4825e-01
2.4409e-01
2.4665e-01
5.1261e-01
2.5299e-01
2.9346e-01
5.1820e-01
6.1487e-01
2.5101e-01
2.6267e-01
6.2435e-01
6.1545e-01
2.4507e-01
2.4519e-01
2.7558e-01
6.8492e-01
6.6568e-01
2.4902e-01
2.5078e-01
2.4915e-01
5.6270e-01
2.5034e-01
2.4483e-01
2.5388e-01
3.3468e-01
2.4440e-01
6.7521e-01
5.0666e-01
6.7976e-01
3.1106e-01
6.7313e-01
2.4794e-01
2.8999e-01
2.4807e-01
6.5795e-01
6.7122e-01
2.4999e-01
6.5007e-01
2.4627e-01
4.0887e-01
6.7564e-01
5.7176e-01
2.6852e-01
3.0495e-01
4.5769e-01
6.4087e-01
3.8446e-01
2.4832e-01
2.4764e-01
3.2639e-01
2.4966e-01
2.6354e-01
4.2097e-01
5.3273e-01
2.4879e-01
2.6379e-01
4.2210e-01
3.1899e-01
2.7017e-01
4.4852e-01
6.5718e-01
3.6822e-01
2.9196e-01
3.3889e-01
6.4354e-01
6.8034e-01
6.7733e-01
6.7592e-01
2.4452e-01
2.5639e-01
2.7896e-01
6.3755e-01
2.9073e-01
3.1440e-01
2.6269e-01
6.4280e-01
5.3781e-01
6.8614e-01
6.6770e-01
6.7860e-01
6.6931e-01
5.6071e-01
4.5954e-01
6.3503e-01
3.6482e-01
2.4625e-01
2.6767e-01
6.5362e-01
2.4404e-01
6.8206e-01
6.5895e-01
6.8192e-01
2.9771e-01
6.7564e-01
6.1260e-01
2.5318e-01
3.6689e-01
6.2805e-01
5.6233e-01
3.3900e-01
3.1669e-01
6.6507e-01
3.9066e-01
3.3589e-01
6.6526e-01
2.4701e-01
2.5261e-01
6.7411e-01
6.8077e-01
2.4811e-01
6.5343e-01
3.9935e-01
2.4587e-01
6.8319e-01
2.8291e-01
2.5088e-01
2.5127e-01
4.1509e-01
4.8214e-01
6.8113e-01
6.4667e-01
6.7696e-01
6.6024e-01
6.5801e-01
3.1134e-01
2.7488e-01
2.9548e-01
2.4423e-01
2.7073e-01
2.4467e-01
2.4476e-01
2.4585e-01
4.2618e-01
2.4780e-01
6.4678e-01
6.3523e-01
2.7037e-01
2.5034e-01
2.6049e-01
2.4538e-01
2.4416e-01
2.6246e-01
2.4597e-01
6.0337e-01
3.1468e-01
3.6239e-01
2.6451e-01
2.4607e-01
2.5983e-01
2.4501e-01
2.9462e-01
4.7278e-01
5.3701e-01
4.2259e-01
6.6233e-01
3.2168e-01
2.6961e-01
2.8861e-01
6.0920e-01
5.6867e-01
2.4425e-01
2.5130e-01
6.7860e-01
2.5432e-01
6.7900e-01
2.9037e-01
2.4685e-01
6.6329e-01
2.7859e-01
4.3363e-01
2.4401e-01
6.7481e-01
3.4655e-01
4.5770e-01
2.5719e-01
2.5889e-01
2.4558e-01
2.5459e-01
2.5327e-01
2.4795e-01
3.6720e-01
6.8443e-01
2.4879e-01
2.4445e-01
4.0774e-01
2.4446e-01
3.6861e-01
3.5363e-01
4.2144e-01
2.9855e-01
2.4754e-01
5.6205e-01
4.7790e-01
5.6030e-01
6.2969e-01
6.5282e-01
2.4409e-01
2.5740e-01
2.7950e-01
5.0143e-01
2.4699e-01
2.8297e-01
2.5085e-01
3.0924e-01
4.6525e-01
6.8032e-01
6.7230e-01
6.7123e-01
6.2030e-01
3.0750e-01
2.5814e-01
6.8409e-01
2.6383e-01
6.6513e-01
2.4578e-01
2.6497e-01
6.1894e-01
2.7263e-01
3.0622e-01
2.4643e-01
4.0830e-01
2.4643e-01
2.4417e-01
5.9989e-01
2.5245e-01
2.4411e-01
5.2113e-01
6.5234e-01
6.4777e-01
3.7557e-01
2.4616e-01
2.5412e-01
4.3459e-01
2.4549e-01
3.0113e-01
5.5624e-01
6.3906e-01
6.7221e-01
3.0663e-01
2.7440e-01
2.4426e-01
3.6696e-01
3.1087e-01
3.4089e-01
4.0995e-01
6.5340e-01
2.4427e-01
6.6753e-01
4.8307e-01
2.4719e-01
2.8087e-01
5.1428e-01
2.5842e-01
2.4402e-01
6.8211e-01
2.6623e-01
2.7327e-01
2.4812e-01
6.5955e-01
4.8780e-01
2.5193e-01
6.8368e-01
6.3110e-01
6.2049e-01
2.4892e-01
2.9558e-01
2.4428e-01
4.6274e-01
6.0408e-01
5.6789e-01
3.7146e-01
2.4580e-01
3.0411e-01
2.5186e-01
3.5376e-01
5.2129e-01
5.0349e-01
2.7836e-01
2.9965e-01
2.5051e-01
4.4620e-01
2.6284e-01
6.5907e-01
6.7207e-01
2.6321e-01
4.7295e-01
6.3579e-01
5.6905e-01
2.4888e-01
2.8225e-01
4.5358e-01
2.6271e-01
6.1639e-01
6.7944e-01
6.4153e-01
2.4464e-01
2.4493e-01
6.6448e-01
2.4571e-01
